Calibration Areas
   7.3690e+01
   1.7202e+02
   3.8492e+00
   8.2837e+01
   6.0111e+01
   6.3346e+00
   1.1575e+02


Calibration Distances
   0.7979
   0.8658
   1.6492
   1.7144
   1.9834
   1.8504
   3.4255


Calibration TimeLengths
   0.2597
   0.6297
   0.1254
   0.2840
   0.2030
   0.0870
   0.3324



Session Areas
   2.4883e+02
   1.1215e+02
   1.1815e+02
   2.5633e+02
   1.3988e+02
   5.8824e+00
   6.4220e+02
   2.1317e+02
   1.0910e+02
   8.8515e-02
   5.4729e+00
   5.6329e+00
   1.0430e+02
   2.8759e+00
   1.3820e+02
   4.6487e+00
   1.1188e+02
   1.0247e+02
   1.8782e+02
   1.4198e+02
   5.4217e+01
   1.2530e+02


Session Distances
   2.0730
   6.2585
   0.5102
   0.9850
   1.0928
   0.7602
   4.6996
   1.6903
   4.2010
   1.1327
   2.4101
   1.2014
   4.5266
   0.8994
   0.6989
   0.8067
   0.6016
   4.2721
   0.9281
   1.4558
   0.7369
   0.9460


Session TimeLengths
   0.6616
   0.3123
   0.3526
   0.5832
   0.3288
   0.1387
   1.5760
   0.4637
   0.3127
   0.0271
   0.1173
   0.1234
   0.2832
   0.0701
   0.4305
   0.0577
   0.2780
   0.3163
   0.5261
   0.5239
   0.1858
   0.3078

