2.596045665938128e-05
1.819830723009302e-05
6.080500034563217e-06
-5.263176250824781e-06
-1.144833136289676e-05
-1.080289414283018e-05
-4.868204397167511e-06
2.699004950108922e-06
8.10900103359865e-06
9.199765445444289e-06
6.117832059990524e-06
7.499985427643013e-07
-4.56869683637477e-06
-8.241898012343268e-06
-9.878623971474878e-06
-9.96051743401994e-06
-9.122774447876076e-06
-7.615749946780486e-06
-5.281151458499485e-06
-1.959109420674879e-06
2.061568332147209e-06
5.936279994514665e-06
8.610362684381489e-06
9.388045750311214e-06
8.331590173102564e-06
6.213395132327455e-06
4.046880341983376e-06
2.49916036624629e-06
1.555778555070283e-06
6.307777776045064e-07
-9.767365469066708e-07
-3.588936370111349e-06
-6.926728821733522e-06
-1.027084693421026e-05
-1.287097720815845e-05
-1.433044630006335e-05
-1.474416926174167e-05
-1.455090364155268e-05
-1.424202617550074e-05
-1.412990056239175e-05
-1.429637456475885e-05
-1.469375132141702e-05
-1.527056668132429e-05
-1.600832410190708e-05
-1.685742639263916e-05
-1.766043813855357e-05
-1.816584042662392e-05
-1.815429299128292e-05
-1.758984483516721e-05
-1.666421867544426e-05
-1.566893979195094e-05
-1.476612886398149e-05
-1.38313882654358e-05
-1.252197128237372e-05
-1.057483970457936e-05
-8.154729313198009e-06
-5.985558150295603e-06
-5.09181815561758e-06
-6.215750907962325e-06
-9.219551534617584e-06
-1.286449262382721e-05
-1.520003945481228e-05
-1.446178198348756e-05
-1.005289830870983e-05
-3.069459652804955e-06
3.983358962188722e-06
8.229617673912157e-06
7.748500363241437e-06
2.535201717405181e-06
-5.399931599165321e-06
-1.28661071061322e-05
-1.686233975607214e-05
-1.581965986992355e-05
-1.013102401134566e-05
-1.760571157107645e-06
6.810009488650729e-06
1.37316909252753e-05
1.847039115875479e-05
2.174750226021566e-05
2.486947141039257e-05
2.88721907783483e-05
3.394495184327659e-05
3.938782682956875e-05
4.403816993151455e-05
4.686374304525812e-05
4.73833983648793e-05
4.573396871144331e-05
4.243517451123911e-05
3.8064515445435e-05
3.30558093616946e-05
2.770170476099736e-05
2.22786898210183e-05
1.713611300821017e-05
1.264328851254332e-05
9.021955834082614e-06
6.201451227244781e-06
3.836957236977188e-06
1.521865566163884e-06
-9.195311589383606e-07
-3.24804340825293e-06
-4.869791670933937e-06
-5.123748304457368e-06
-3.629397551303428e-06
-4.827946010491363e-07
3.814797105847633e-06
8.636362428990831e-06
1.352085622508667e-05
1.827855577876833e-05
2.284774991629791e-05
2.70245613636878e-05
3.029080276084202e-05
3.190883381446152e-05
3.126713268046571e-05
2.826850277894182e-05
2.349053367482733e-05
1.797079996465078e-05
1.270869714995431e-05
8.177264149358296e-06
4.160720514509709e-06
4.568339443438136e-08
-4.596165982098029e-06
-9.50448805249653e-06
-1.365856624052964e-05
-1.574007961922981e-05
-1.489451327538679e-05
-1.133940751195648e-05
-6.420281099276494e-06
-2.021197033781208e-06
3.781245371483129e-07
4.753108656394935e-07
-7.046131996940031e-07
-1.393163671748293e-06
-8.841377708221693e-08
3.567076807391277e-06
8.530618368738899e-06
1.286681265473793e-05
1.472992955385148e-05
1.32723957360521e-05
8.9854398043599e-06
3.310961947268575e-06
-2.222201258009457e-06
-6.827687265776727e-06
-1.078817035084549e-05
-1.511563568536409e-05
-2.076740393530231e-05
-2.788485599967897e-05
-3.549488412158626e-05
-4.184335645296368e-05
-4.517778664161452e-05
-4.456059669851405e-05
-4.029552140524649e-05
-3.377070321365432e-05
-2.682863258644042e-05
-2.099745153167697e-05
-1.695260780719823e-05
-1.442607498281098e-05
-1.254208269432313e-05
-1.036418859698794e-05
-7.377202447852853e-06
-3.705883672817031e-06
-2.614858139606145e-08
2.735194143220585e-06
3.751912757992065e-06
2.562231831075445e-06
-8.215212491846893e-07
-5.950494992893261e-06
-1.207478527290513e-05
-1.832047177895055e-05
-2.386393857524316e-05
-2.807229919363049e-05
-3.058679937507649e-05
-3.133489357430981e-05
-3.047354343950757e-05
-2.828932416678898e-05
-2.509791844419524e-05
-2.1183072321717e-05
-1.679040649488658e-05
-1.215759071955845e-05
-7.540807756208313e-06
-3.203466645492784e-06
6.359052688188297e-07
3.864256331177236e-06
6.496164667530473e-06
8.629378263758779e-06
1.034770755215181e-05
1.162362179606766e-05
1.22807972140216e-05
1.204627314823886e-05
1.067006108018857e-05
8.049285054516199e-06
4.290633178951938e-06
-3.180075902353554e-07
-5.401534934179496e-06
-1.059503557033216e-05
-1.558620692940724e-05
-2.008592566795309e-05
-2.376173511511002e-05
-2.619678421277118e-05
-2.692262997116883e-05
-2.552792136893706e-05
-2.179672159044705e-05
-1.581074517768377e-05
-7.969751710222507e-06
1.071837366869379e-06
1.051640160211962e-05
1.953863075374469e-05
2.738224636203314e-05
3.344402174010084e-05
3.736104202959328e-05
3.909732114944988e-05
3.899162277200495e-05
3.771111186765445e-05
3.607980919118169e-05
3.481346367582271e-05
3.425941518066649e-05
3.426566613000806e-05
3.426058130466931e-05
3.352627191146611e-05
3.15451850330056e-05
2.825125140736812e-05
2.405809196536008e-05
1.965119401569011e-05
1.565811025465282e-05
1.237862372997423e-05
9.723908650942317e-06
7.394836676190042e-06
5.189866803323581e-06
3.252102068464487e-06
2.091994478077181e-06
2.345909616775187e-06
4.384886675187987e-06
7.98632134897871e-06
1.226578072670866e-05
1.593965932463029e-05
1.78160488661118e-05
1.72830310295047e-05
1.455141224702185e-05
1.05236735610401e-05
6.346460168016315e-06
2.865250348895922e-06
2.523244244023763e-07
-2.00662256196927e-06
-4.763713770992488e-06
-8.679405274775939e-06
-1.378609150602289e-05
-1.937020278794654e-05
-2.423413645410042e-05
-2.720542289051159e-05
-2.763788949506961e-05
-2.566100403183815e-05
-2.206998415014732e-05
-1.793526867099995e-05
-1.414560278268523e-05
-1.111462228505277e-05
-8.774454591099352e-06
-6.816174670218385e-06
-5.008873425491769e-06
-3.404528224626208e-06
-2.320604833423117e-06
-2.13016170638869e-06
-2.997918662072444e-06
-4.721168898771111e-06
-6.763203248695906e-06
-8.453873352916652e-06
-9.245885015478305e-06
-8.90150126397062e-06
-7.53951097804194e-06
-5.553141379974392e-06
-3.464450139787268e-06
-1.783737092318514e-06
-9.065463295372556e-07
-1.042806092232593e-06
-2.163521634739572e-06
-3.97216567248962e-06
-5.933952644569508e-06
-7.394157179070222e-06
-7.775864330076062e-06
-6.790470146281807e-06
-4.562452573016718e-06
-1.594078129954255e-06
1.429021869558379e-06
3.905170395568206e-06
5.527630388607016e-06
6.338528757538022e-06
6.610587765717793e-06
6.634228041639469e-06
6.533225294445582e-06
6.206271992202834e-06
5.414078892844996e-06
3.951007427108452e-06
1.802635699518987e-06
-7.888477011710927e-07
-3.372377881770364e-06
-5.415126386314284e-06
-6.451928844104021e-06
-6.210021745357793e-06
-4.685416505567002e-06
-2.162091287830729e-06
8.334146467132721e-07
3.647885468882165e-06
5.675658730387395e-06
6.544783305175732e-06
6.240406902733407e-06
5.097735180011926e-06
3.650257335452487e-06
2.395905909077172e-06
1.597376287098756e-06
1.222364992533764e-06
1.052264923484288e-06
8.869835619023374e-07
7.13347716543448e-07
7.275981821332353e-07
1.19773841905166e-06
2.257868700845103e-06
3.772250339425477e-06
5.358958254087744e-06
6.553219837875749e-06
6.995666194849522e-06
6.519746958229028e-06
5.096031901711125e-06
2.709652199386074e-06
-6.8967580819504e-07
-5.074187127785075e-06
-1.01072961048545e-05
-1.497231761966866e-05
-1.845741951295231e-05
-1.936430635333548e-05
-1.709418998982753e-05
-1.210140796908869e-05
-5.913860441265623e-06
-6.225323242194763e-07
1.963255905374953e-06
1.0860042141811e-06
-2.665298147513116e-06
-7.696852215244622e-06
-1.220669150822176e-05
-1.500841501763529e-05
-1.594993310627047e-05
-1.573703395287117e-05
-1.531610526977149e-05
-1.521321429774152e-05
-1.522707383264538e-05
-1.463847057200166e-05
-1.277677318136677e-05
-9.57114091040129e-06
-5.733576993360459e-06
-2.452126296990319e-06
-7.686648586226253e-07
-9.987070151938856e-07
-2.519195614391617e-06
-4.035380398127737e-06
-4.174993284813556e-06
-2.098334935729645e-06
2.166113735377599e-06
7.782839739003686e-06
1.348521192721147e-05
1.805693829847811e-05
2.070964427208474e-05
2.124376390035507e-05
1.999761682910932e-05
1.766273152195035e-05
1.505370125172661e-05
1.289398015743771e-05
1.165262458705193e-05
1.145754694403091e-05
1.210616684495076e-05
1.317343354773782e-05
1.417742011026458e-05
1.47286637962137e-05
1.459432300911038e-05
1.366229226912447e-05
1.186390824641141e-05
9.152224189114176e-06
5.596730207058588e-06
1.556655364425932e-06
-2.201731897354133e-06
-4.5951216779067e-06
-4.574091717464825e-06
-1.619870615215059e-06
3.864269433160226e-06
1.052089649962784e-05
1.646108608200932e-05
1.999239158004026e-05
2.031147822615639e-05
1.780613083173808e-05
1.379856552552567e-05
9.855638124459055e-06
7.026682552184263e-06
5.408863704355823e-06
4.25676031927381e-06
2.550214381339496e-06
-3.154912258392027e-07
-4.109937376630035e-06
-7.847611234601239e-06
-1.031163746012882e-05
-1.072166621350325e-05
-9.177202507594146e-06
-6.641234256623502e-06
-4.480876715593053e-06
-3.809890378334817e-06
-4.965177334127231e-06
-7.363588491687321e-06
-9.786495421389291e-06
-1.093671243260907e-05
-1.000190104235099e-05
-6.979382911349363e-06
-2.642670135361707e-06
1.807608941163673e-06
5.238017641139569e-06
7.005290174505345e-06
7.136887520543065e-06
6.211305179707341e-06
5.014160647520942e-06
4.144906911124037e-06
3.767763989560307e-06
3.625143565818916e-06
3.292576065670944e-06
2.51907380619383e-06
1.442011731425582e-06
5.316937004842728e-07
2.816976784780421e-07
8.284332241801732e-07
1.752274319521067e-06
2.226736283550787e-06
1.477016925815776e-06
-6.980938427973686e-07
-3.663446450150342e-06
-6.147687367411642e-06
-6.849678874206403e-06
-5.14160069251437e-06
-1.47197164773732e-06
2.782547956885768e-06
5.962790694624984e-06
6.928844622609202e-06
5.580891876655865e-06
2.820851549811075e-06
-2.009109649831537e-09
-1.827003847473982e-06
-2.3785837341652e-06
-2.168572820246085e-06
-2.058226304103624e-06
-2.69081491407727e-06
-4.152666404229585e-06
-6.039819131997338e-06
-7.826962953663668e-06
-9.243548297861377e-06
-1.038235847022231e-05
-1.147663320796492e-05
-1.253286932077796e-05
-1.312184601114673e-05
-1.252791437539061e-05
-1.020349136624232e-05
-6.24425691699728e-06
-1.552265226785449e-06
2.469568636643126e-06
4.555920295138524e-06
4.195107265824942e-06
1.865277627426223e-06
-1.245587231794855e-06
-3.865839789167702e-06
-5.24357517057882e-06
-5.389826223210568e-06
-4.861084504011469e-06
-4.268663053958291e-06
-3.858296394935455e-06
-3.432972412735891e-06
-2.647913697638782e-06
-1.450919578111924e-06
-3.394119757932409e-07
-2.211967225379129e-07
-1.923463241280395e-06
-5.63008889618662e-06
-1.059344909826964e-05
-1.532300283371607e-05
-1.818613791601832e-05
-1.8124811741162e-05
-1.512617581786368e-05
-1.021736260480043e-05
-5.002705990774276e-06
-9.866191221947688e-07
9.885060042544437e-07
9.447807971699727e-07
-4.363992100138702e-07
-2.275962866189713e-06
-3.958845575351042e-06
-5.368580429809717e-06
-6.802697915484661e-06
-8.644320338735346e-06
-1.098510511206717e-05
-1.341460193022812e-05
-1.510557600504388e-05
-1.517438656106812e-05
-1.314962612249188e-05
-9.31144793558965e-06
-4.70863639041716e-06
-8.080327586161075e-07
1.084874617045327e-06
3.678065716408978e-07
-2.61799484391035e-06
-6.770952381911989e-06
-1.074377072027102e-05
-1.352577898968269e-05
-1.479825153440269e-05
-1.489960813637845e-05
-1.445891119122056e-05
-1.393851246403081e-05
-1.336169413880022e-05
-1.236911369291749e-05
-1.05330053039552e-05
-7.697287656607728e-06
-4.107463387673591e-06
-2.472353502478816e-07
3.494063656824427e-06
7.078129487313964e-06
1.080253891614517e-05
1.500698809423845e-05
1.969604849487321e-05
2.434847103631814e-05
2.807333940870009e-05
3.004589721916664e-05
2.996072701347855e-05
2.821121161376222e-05
2.566845080744302e-05
2.318766946398974e-05
2.114934480478982e-05
1.932530225713513e-05
1.715366837092222e-05
1.424278954315515e-05
1.077446208152126e-05
7.539081098910666e-06
5.569261564286962e-06
5.592131142730031e-06
7.630803764732431e-06
1.098551187104129e-05
1.45856441540171e-05
1.748441994841337e-05
1.920718727537105e-05
1.97900809924757e-05
1.956058043014662e-05
1.886432881524695e-05
1.793472912545952e-05
1.695339352699315e-05
1.618064578839622e-05
1.597669265581253e-05
1.663101246842365e-05
1.809572963414015e-05
1.983789033075968e-05
2.098258244299148e-05
2.072780546449452e-05
1.880142047036508e-05
1.565665069638597e-05
1.223712714013608e-05
9.41368574748882e-06
7.427450198470119e-06
5.703134441501111e-06
3.185164981854117e-06
-9.798819836528539e-07
-6.82762632319665e-06
-1.342303136225956e-05
-1.929337180161435e-05
-2.320620499063678e-05
-2.482715931772251e-05
-2.48548328210615e-05
-2.454626985641455e-05
-2.492061873162372e-05
-2.612594813139936e-05
-2.735092858737291e-05
-2.73252211818817e-05
-2.509316078108414e-05
-2.058839275297084e-05
-1.467502952661577e-05
-8.659084503416337e-06
-3.595186332927603e-06
1.812572894750918e-07
3.033106931546941e-06
5.569936909394903e-06
8.090989788316404e-06
1.029513730781094e-05
1.14398151575043e-05
1.083491584234513e-05
8.34775913375338e-06
4.598018859836141e-06
7.226546559539137e-07
-2.146236731847658e-06
-3.388003654026753e-06
-3.113152964998907e-06
-2.01039089561932e-06
-9.480537068651793e-07
-5.687499629055225e-07
-1.076275008839156e-06
-2.271211080668772e-06
-3.748964379885173e-06
-5.115006546995266e-06
-6.111303420879518e-06
-6.634402847341227e-06
-6.69047569055365e-06
-6.340531978483765e-06
-5.656851625300577e-06
-4.683879600851767e-06
-3.402633739511043e-06
-1.725639106297736e-06
4.400281842627899e-07
3.059542034408295e-06
5.832374259599816e-06
8.160922503471954e-06
9.308870520025166e-06
8.72545242354913e-06
6.385021310151088e-06
2.93460998265811e-06
-4.865688265891153e-07
-2.715371428748488e-06
-3.099179232102905e-06
-1.8072152985332e-06
2.675972597860127e-07
1.977228291159895e-06
2.502601846754149e-06
1.726212974305359e-06
1.891501664421905e-07
-1.324052225151927e-06
-2.307043287701193e-06
-2.834324565683018e-06
-3.4596997504711e-06
-4.778697413672024e-06
-6.933260195246867e-06
-9.375171098182256e-06
-1.104970061932557e-05
-1.090970228479351e-05
-8.475263428267628e-06
-4.128404834152902e-06
1.015809269477908e-06
5.587160080301231e-06
8.534320941443445e-06
9.512586140231782e-06
8.92278495368487e-06
7.626752137026858e-06
6.513062792558452e-06
6.126385125288205e-06
6.505451248841851e-06
7.254637260301861e-06
7.771476005056173e-06
7.508796866242916e-06
6.166499010968219e-06
3.758217150965883e-06
5.534415734237778e-07
-3.061128479612833e-06
-6.73273002318475e-06
-1.023672196306489e-05
-1.347135200895381e-05
-1.636292773862264e-05
-1.874854724382725e-05
-2.033140729837877e-05
-2.077358694763848e-05
-1.990636278809131e-05
-1.794314039939103e-05
-1.554033160679336e-05
-1.361008124083236e-05
-1.292909258346116e-05
-1.373191481123572e-05
-1.552808023288807e-05
-1.7288855610712e-05
-1.79480195995193e-05
-1.696576737740331e-05
-1.464044238546509e-05
-1.197398688126546e-05
-1.014524054029492e-05
-9.876621275485725e-06
-1.105121208199407e-05
-1.279808510790756e-05
-1.399220458491428e-05
-1.387427094691369e-05
-1.243210788780587e-05
-1.033651084549403e-05
-8.495321373049116e-06
-7.511397850759805e-06
-7.368808437420025e-06
-7.511138715978105e-06
-7.225920009224093e-06
-6.071089852976545e-06
-4.08063637224037e-06
-1.65383690389655e-06
7.542921617426535e-07
2.907609281376873e-06
4.845957210709748e-06
6.714392001123589e-06
8.521138480317972e-06
1.002578083722856e-05
1.085471934014034e-05
1.076574075524349e-05
9.865117701803885e-06
8.605095676809884e-06
7.541459886168934e-06
7.003952586911434e-06
6.903856814960766e-06
6.819379365277889e-06
6.314092870330705e-06
5.281763161771876e-06
4.084049563071192e-06
3.377529788778619e-06
3.729272242546325e-06
5.261695495360276e-06
7.55314589102298e-06
9.858685187362446e-06
1.151169528341348e-05
1.22542979464554e-05
1.229612061259064e-05
1.208157168092045e-05
1.193627437021606e-05
1.18388317451882e-05
1.147583268420498e-05
1.054436768481682e-05
9.094329838265121e-06
7.665487310938056e-06
7.097988733006553e-06
8.102505919426716e-06
1.083649190511795e-05
1.474388801522694e-05
1.876786940625895e-05
2.182896091414189e-05
2.330589435013502e-05
2.325732018406501e-05
2.227741825926605e-05
2.109308044297706e-05
2.015527873095903e-05
1.946656458405139e-05
1.872923613199328e-05
1.76923430339863e-05
1.644800403225034e-05
1.545894455978483e-05
1.527361118656442e-05
1.609760132001469e-05
1.750748995819782e-05
1.853437703107773e-05
1.813246772864185e-05
1.580188348338517e-05
1.200434958546162e-05
8.087311703500285e-06
5.69053030978323e-06
5.911553911439762e-06
8.676312941984775e-06
1.268558821022899e-05
1.601062944627045e-05
1.704840690890159e-05
1.532619958981812e-05
1.170503206279633e-05
7.854310154362665e-06
5.281970350865548e-06
4.468779718843507e-06
4.609842573845056e-06
4.124291149563852e-06
1.645872064328355e-06
-3.085432340768167e-06
-8.968004537056299e-06
-1.409319933062467e-05
-1.680638775690745e-05
-1.666139561145815e-05
-1.470273644494445e-05
-1.289407666433053e-05
-1.300950980282852e-05
-1.562182464645805e-05
-1.976872165665388e-05
-2.34837811197031e-05
-2.487766945830008e-05
-2.314394870371634e-05
-1.892461997426065e-05
-1.386042106756172e-05
-9.630821323344548e-06
-7.070507119512693e-06
-5.871056666793187e-06
-4.998248216448325e-06
-3.516700503444425e-06
-1.282869643186372e-06
9.227531068436378e-07
1.883896537069452e-06
7.254479798705477e-07
-2.522859081843539e-06
-6.928639183870181e-06
-1.121184035696883e-05
-1.44916165083944e-05
-1.675073261537592e-05
-1.872910642410617e-05
-2.132114766199326e-05
-2.486288064025975e-05
-2.876298069484071e-05
-3.171918654062367e-05
-3.240286375555416e-05
-3.020992025085514e-05
-2.563553862052535e-05
-2.005227538828701e-05
-1.501825274025598e-05
-1.150775021391686e-05
-9.489477600035907e-06
-8.06862007468359e-06
-6.08769697842253e-06
-2.835576272029767e-06
1.523117345524388e-06
6.007815538683678e-06
9.302111429195552e-06
1.036848293649601e-05
8.871084383115882e-06
5.220557851143284e-06
2.800331964789484e-07
-5.053475953646939e-06
-1.01461427757127e-05
-1.466966882314184e-05
-1.843149014980929e-05
-2.116325434997052e-05
-2.244539714905184e-05
-2.183823842346773e-05
-1.914231155669901e-05
-1.461710208933379e-05
-9.004462351657621e-06
-3.31702380075252e-06
1.509489483436296e-06
4.923020628546144e-06
6.871742276408894e-06
7.69426270910384e-06
7.8739344088013e-06
7.810505042579997e-06
7.726731142540414e-06
7.722404455444615e-06
7.886055661106729e-06
8.343956613230012e-06
9.186388279711746e-06
1.031943522109274e-05
1.136908596524825e-05
1.175269447280095e-05
1.093012032915923e-05
8.716382809398193e-06
5.468088934801906e-06
2.002988210369991e-06
-7.415862305411568e-07
-2.144814567839654e-06
-2.19308715126877e-06
-1.453198402940048e-06
-7.327159624757831e-07
-6.150906306712757e-07
-1.13419525966896e-06
-1.773585516316065e-06
-1.78442746704544e-06
-6.276617927614072e-07
1.724291844440781e-06
4.799712418415069e-06
7.930702108525862e-06
1.064495206732221e-05
1.289319673543492e-05
1.496883458381066e-05
1.717670927918826e-05
1.94733451304875e-05
2.132641251812718e-05
2.19093412387192e-05
2.053824357442855e-05
1.710097578646037e-05
1.22192508700146e-05
7.030886859094847e-06
2.694036762249566e-06
-1.273702294379706e-07
-1.52737407610522e-06
-2.239839630851723e-06
-3.211723407649703e-06
-5.095757204042894e-06
-7.915552744088635e-06
-1.104926747344415e-05
-1.350894410635735e-05
-1.435657737233159e-05
-1.305973152781623e-05
-9.652150526832159e-06
-4.677385636545431e-06
1.011413375523931e-06
6.488057897793187e-06
1.094499274932414e-05
1.381181977338921e-05
1.48126144164202e-05
1.398203289529542e-05
1.164458595025656e-05
8.346397503332743e-06
4.733634316425892e-06
1.396870838749145e-06
-1.271826038632345e-06
-3.154446081855845e-06
-4.382780555601704e-06
-5.225353230801606e-06
-5.938223295482596e-06
-6.648998981269347e-06
-7.324985598161227e-06
-7.831843047493833e-06
-8.041506374687617e-06
-7.922507807584771e-06
-7.556363981699839e-06
-7.066100159644471e-06
-6.496039225245875e-06
-5.717274077045767e-06
-4.429277365718528e-06
-2.282309211688357e-06
9.222545937709104e-07
5.050913248247268e-06
9.582134025007561e-06
1.373225611754942e-05
1.673200541695147e-05
1.813874940922371e-05
1.803638028320116e-05
1.701545136947846e-05
1.592608198294829e-05
1.550684711396597e-05
1.605705719693179e-05
1.730260160060502e-05
1.851451866171335e-05
1.882135991270692e-05
1.75713158340866e-05
1.45883618027738e-05
1.022813136533233e-05
5.235994109946924e-06
4.905261945802819e-07
-3.255245054555576e-06
-5.547494160867804e-06
-6.286634274958781e-06
-5.679463356907017e-06
-4.128701552182376e-06
-2.101160771127674e-06
-7.249177926258208e-09
1.881999932802146e-06
3.459344551587674e-06
4.7391319375906e-06
5.765975133549906e-06
6.520393274216336e-06
6.878377065997965e-06
6.658833466982473e-06
5.740940896956385e-06
4.181679129027492e-06
2.249099479993023e-06
3.277714525956907e-07
-1.268314154359658e-06
-2.471042362415222e-06
-3.506972856610049e-06
-4.769194297880629e-06
-6.567918236788228e-06
-8.898584161981713e-06
-1.136966419408001e-05
-1.33466243234365e-05
-1.424167669099774e-05
-1.378906283565074e-05
-1.215114258645653e-05
-9.801107602856041e-06
-7.262103329638805e-06
-4.865429501273914e-06
-2.669609169344744e-06
-5.717923299960626e-07
1.484015777047005e-06
3.357438157396786e-06
4.730656630032717e-06
5.285948074850409e-06
4.920224401103577e-06
3.847060413782174e-06
2.511353896128495e-06
1.367425290442757e-06
6.614246559591209e-07
3.515007972652769e-07
2.00442908916486e-07
-4.409385980610593e-08
-5.213677728039884e-07
-1.270656616265093e-06
-2.355599109664725e-06
-3.969706558384325e-06
-6.391621141110043e-06
-9.766986118391264e-06
-1.384131055095177e-05
-1.784748405917057e-05
-2.069242219728036e-05
-2.141072307777492e-05
-1.966585132547097e-05
-1.600794192718528e-05
-1.170394249561284e-05
-8.190571955120814e-06
-6.425743897899726e-06
-6.488126822893496e-06
-7.643250288346314e-06
-8.830234474192297e-06
-9.283325934218595e-06
-8.932582658430445e-06
-8.370031767528571e-06
-8.432012233071149e-06
-9.670759259825642e-06
-1.203339337845031e-05
-1.49139325151121e-05
-1.749941805766321e-05
-1.91560514767906e-05
-1.960621662398186e-05
-1.88205426019661e-05
-1.67655808291202e-05
-1.325390343204533e-05
-8.062507242385151e-06
-1.270840605671044e-06
6.428054188750332e-06
1.372421700316923e-05
1.910593952837406e-05
2.152759081747018e-05
2.096116816822681e-05
1.847805750155227e-05
1.575315659558243e-05
1.422183991082794e-05
1.43447788213538e-05
1.539948015959336e-05
1.592881783939684e-05
1.460009747785938e-05
1.098686340693483e-05
5.82675523609904e-06
6.117605197840822e-07
-3.24521643716287e-06
-5.1797152107113e-06
-5.735617977488677e-06
-6.171231369613664e-06
-7.647973464907436e-06
-1.047645530318718e-05
-1.38564268333856e-05
-1.626107802341651e-05
-1.625215798203487e-05
-1.327732422365442e-05
-8.02003679404559e-06
-2.122511526868009e-06
2.564204723336943e-06
4.814522759397423e-06
4.537938250029214e-06
2.740591497423669e-06
9.939972106280393e-07
6.908852902879829e-07
2.437495003024631e-06
5.833713263985668e-06
9.695537953072206e-06
1.258045179613003e-05
1.336790958217451e-05
1.165551537608932e-05
7.835110803771588e-06
2.857827726813785e-06
-2.177507069116545e-06
-6.418896168441419e-06
-9.471200297105399e-06
-1.135326436423344e-05
-1.226217436903093e-05
-1.230230234461734e-05
-1.135171371811044e-05
-9.155939169182285e-06
-5.597101597575683e-06
-9.635199503540521e-07
3.980297015919085e-06
8.221719824709753e-06
1.094321092951156e-05
1.194199724608794e-05
1.176172645523097e-05
1.141128873249127e-05
1.178497990788939e-05
1.309798884086566e-05
1.468087093989047e-05
1.529755739228006e-05
1.385185052091315e-05
1.009966432375945e-05
4.944686816487824e-06
1.050248664993912e-07
-2.709972288247927e-06
-2.680755829384435e-06
-3.272250424040421e-07
2.739754192139201e-06
4.649097314568582e-06
4.241302358021031e-06
1.659680083605445e-06
-1.749378632737673e-06
-4.156715404365882e-06
-4.188759856657258e-06
-1.583065022365098e-06
2.759022421786409e-06
7.298534810156727e-06
1.063513607332535e-05
1.210631978170415e-05
1.192730355395859e-05
1.08722910200635e-05
9.744336569098939e-06
8.95596113288364e-06
8.425455616264507e-06
7.778828467833084e-06
6.674540395098281e-06
5.033326603697449e-06
3.057302951991828e-06
1.076068007976786e-06
-6.421317815425382e-07
-1.984197578342965e-06
-2.954042629285362e-06
-3.567087256289223e-06
-3.779944520699321e-06
-3.513878309737959e-06
-2.746645600815103e-06
-1.590327017632215e-06
-2.843536829043036e-07
8.992401515661755e-07
1.771819950259665e-06
2.282220421436925e-06
2.475229836665805e-06
2.398693611744298e-06
2.04834258870053e-06
1.412632487291278e-06
5.958481776501391e-07
-8.288458806972167e-08
-1.290427736284331e-07
9.13349243735199e-07
3.163390761468844e-06
6.200978311948788e-06
9.124238798723171e-06
1.089916515838246e-05
1.085610853529629e-05
9.071389972683323e-06
6.399295312022108e-06
4.091521857624702e-06
3.170100507352669e-06
3.875392887313541e-06
5.495349374000895e-06
6.691918308999467e-06
6.173425947749958e-06
3.366060752376779e-06
-1.272521922208142e-06
-6.466592337531488e-06
-1.074642997451399e-05
-1.314281171881996e-05
-1.357668216846101e-05
-1.27447664825246e-05
-1.159001734211987e-05
-1.068145243231068e-05
-9.874877032262273e-06
-8.455906240515247e-06
-5.677413681285289e-06
-1.36370454297129e-06
3.794793452221634e-06
8.458244632402374e-06
1.126935467692367e-05
1.155554756872692e-05
9.703273279910444e-06
6.98267805809212e-06
4.906843314881375e-06
4.469864509744113e-06
5.673269191329042e-06
7.585091407585942e-06
8.877888101153826e-06
8.533307870890934e-06
6.326819434891418e-06
2.851460191590222e-06
-8.889693752828307e-07
-4.050714978570716e-06
-6.350797386926385e-06
-8.092381466716228e-06
-9.845900062602831e-06
-1.201457135462104e-05
-1.455788820028328e-05
-1.70241404765096e-05
-1.883999004964081e-05
-1.965134368126791e-05
-1.949613691034072e-05
-1.871472844350309e-05
-1.767991923361594e-05
-1.654160674031882e-05
-1.516181492219434e-05
-1.328180145148087e-05
-1.080352789886931e-05
-7.985895323016508e-06
-5.403949134673957e-06
-3.667359171918538e-06
-3.051799468021341e-06
-3.266815586613688e-06
-3.521812909266907e-06
-2.890569204685422e-06
-8.039781148517752e-07
2.583933076411661e-06
6.361721091808835e-06
9.202029977932667e-06
9.932876826343665e-06
8.070558625677873e-06
4.054675162084282e-06
-9.366184196178369e-07
-5.511671481220835e-06
-8.683471497117777e-06
-1.028249950027455e-05
-1.096034723300223e-05
-1.177885818449951e-05
-1.358809669179248e-05
-1.651039540525853e-05
-1.980425017366747e-05
-2.219466201251867e-05
-2.251487485941058e-05
-2.033222463156567e-05
-1.622347541330707e-05
-1.15359344988934e-05
-7.737591459054638e-06
-5.683098203272027e-06
-5.179296789267103e-06
-5.086537539635898e-06
-3.913608341915014e-06
-6.029724675004277e-07
4.898236398638582e-06
1.15708716663893e-05
1.778094265646517e-05
2.200833269890855e-05
2.346466065136771e-05
2.229919646378886e-05
1.933063163320191e-05
1.5499391773659e-05
1.136660317844088e-05
6.926796862067299e-06
1.799107863444036e-06
-4.357892801907555e-06
-1.14726936289482e-05
-1.894082297084252e-05
-2.58011535954822e-05
-3.107676191416599e-05
-3.407308116139787e-05
-3.44846622760417e-05
-3.230400368967769e-05
-2.765342439467397e-05
-2.069276107196952e-05
-1.16779378501324e-05
-1.116609861435679e-06
1.01230817545308e-05
2.08837517979026e-05
2.999563635271644e-05
3.664777772145368e-05
4.066281549293378e-05
4.251547279807021e-05
4.306236223207394e-05
4.310398209615916e-05
4.299249714922105e-05
4.24793571420249e-05
4.087588271790795e-05
3.744290660689118e-05
3.181441085488073e-05
2.424933696064345e-05
1.559581932050594e-05
6.993213881750759e-06
-5.415506309081299e-07
-6.451160435167884e-06
-1.075163268799099e-05
-1.388372848619414e-05
-1.638164510082525e-05
-1.851570124879321e-05
-2.007284994126032e-05
-2.03781928565603e-05
-1.855994045817884e-05
-1.395909924657487e-05
-6.52062615130827e-06
3.001561031246294e-06
1.313345022820755e-05
2.206440797332772e-05
2.820724149079244e-05
3.073135138332194e-05
2.985307282255112e-05
2.67446814560515e-05
2.307087562550033e-05
2.032289484123725e-05
1.922289570591806e-05
1.945825524204197e-05
1.986941994303125e-05
1.900959443360039e-05
1.581640646950908e-05
1.007770916877773e-05
2.474241804124073e-06
-5.802726895831863e-06
-1.364010599947063e-05
-2.047355242520398e-05
-2.638701181221925e-05
-3.180272807930827e-05
-3.696218182932988e-05
-4.152428823082179e-05
-4.454288147902144e-05
-4.486330263250426e-05
-4.172514371099911e-05
-3.522494261577627e-05
-2.636213456753743e-05
-1.662762320463825e-05
-7.359430695774163e-06
7.741253440046076e-07
7.879536646186023e-06
1.449186383440816e-05
2.100424941654611e-05
2.722881711161149e-05
3.23581937525628e-05
3.53495086240785e-05
3.549574429614521e-05
3.283833934788182e-05
2.817447713927954e-05
2.265781798102167e-05
1.723078022448203e-05
1.221614107415135e-05
7.287878937138914e-06
1.809758544404448e-06
-4.679503864429124e-06
-1.211959708277497e-05
-1.989652801305271e-05
-2.709966759434367e-05
-3.288006553266797e-05
-3.669493706345433e-05
-3.833364329895022e-05
-3.778235483985489e-05
-3.508521680448555e-05
-3.033597389927792e-05
-2.38110846846443e-05
-1.612590453695711e-05
-8.253752343836578e-06
-1.325251402958015e-06
3.728864618580024e-06
6.512431043878766e-06
7.289932349119354e-06
6.82717884870482e-06
6.027529534959784e-06
5.553011180413529e-06
5.614462565469676e-06
6.005007339046224e-06
6.310161181563786e-06
6.14378756002274e-06
5.277854049470309e-06
3.632469235519606e-06
1.198009185328909e-06
-1.999193812299404e-06
-5.826229892786879e-06
-9.908010376433064e-06
-1.354520415355697e-05
-1.580050699897957e-05
-1.577674339359779e-05
-1.298490131925145e-05
-7.619935919737452e-06
-5.826075462502276e-07
6.796540826568419e-06
1.322163342080507e-05
1.787153004789719e-05
2.060917337675205e-05
2.187001372266951e-05
2.230420728117815e-05
2.237248085884271e-05
2.211335082860312e-05
2.119979044141411e-05
1.924003204927337e-05
1.613870915848274e-05
1.229737709875566e-05
8.520058034045835e-06
5.654923882215214e-06
4.157892349662249e-06
3.820925937364025e-06
3.831065223911698e-06
3.152390177916756e-06
1.044612003037325e-06
-2.551843969197876e-06
-6.972655458095407e-06
-1.115767264706787e-05
-1.417852907801089e-05
-1.568240534267928e-05
-1.601138599361691e-05
-1.593433158905935e-05
-1.614383721734104e-05
-1.680414671896327e-05
-1.741033752381334e-05
-1.704675301318798e-05
-1.490886888948234e-05
-1.080289682233925e-05
-5.345812336997911e-06
2.494482753636248e-07
4.693885385768458e-06
7.174762666909086e-06
7.65541938118865e-06
6.779352967490307e-06
5.449553745636792e-06
4.322215334423251e-06
3.487194637419271e-06
2.494160590586195e-06
6.910616603113229e-07
-2.323296836795133e-06
-6.382592383301374e-06
-1.074041957069125e-05
-1.436498001265175e-05
-1.638598886204922e-05
-1.646741391806597e-05
-1.492541280808704e-05
-1.254328647421764e-05
-1.018376353254755e-05
-8.390562904313806e-06
-7.166007004076592e-06
-6.018501096053286e-06
-4.24260032910266e-06
-1.289076164367422e-06
2.94958645128779e-06
8.061296974450417e-06
1.326189656368783e-05
1.768085044720972e-05
2.064374019171335e-05
2.183018096431626e-05
2.126412040147664e-05
1.918470892465443e-05
1.589965498792724e-05
1.171166621986022e-05
6.943048754668841e-06
2.006677344713467e-06
-2.567035450597605e-06
-6.211762875112445e-06
-8.504291017791044e-06
-9.351413804926874e-06
-9.066385040750376e-06
-8.261524084565277e-06
-7.581468235895663e-06
-7.397221469597134e-06
-7.616918549780048e-06
-7.719856809583576e-06
-7.009226721644211e-06
-4.96561723692017e-06
-1.529484813850958e-06
2.824764185041131e-06
7.257027588393293e-06
1.088898376265694e-05
1.313631805880438e-05
1.389738290934703e-05
1.352406999670657e-05
1.260152181896679e-05
1.164290728155911e-05
1.083289621501176e-05
9.925305080448206e-06
8.335533501325319e-06
5.394394222913746e-06
6.709653582353907e-07
-5.755927190493779e-06
-1.318718235612397e-05
-2.041385736188627e-05
-2.603090416831044e-05
-2.885466001496479e-05
-2.829166578609909e-05
-2.451195939598559e-05
-1.835195595860993e-05
-1.098578952905657e-05
-3.508372643889853e-06
3.385482096683636e-06
9.490086977026127e-06
1.492852547111692e-05
1.98536091276925e-05
2.419010067975738e-05
2.756916124208869e-05
2.949301044486608e-05
2.963272278857226e-05
2.808053401876255e-05
2.539665231713899e-05
2.240030439024925e-05
1.979574220239553e-05
1.781914619105361e-05
1.609034252412834e-05
1.375565177688794e-05
9.867048596107911e-06
3.83067014037252e-06
-4.271546585116323e-06
-1.362079073808298e-05
-2.287685350606077e-05
-3.057237196209357e-05
-3.552813854720317e-05
-3.714374483050814e-05
-3.548457771728622e-05
-3.11700455475184e-05
-2.513233383585346e-05
-1.834074173971876e-05
-1.157552753579499e-05
-5.302451111395271e-06
3.38085469568255e-07
5.444466266878408e-06
1.020851809851601e-05
1.47618931444254e-05
1.906568908171424e-05
2.288213229233098e-05
2.583981119091549e-05
2.756759623297251e-05
2.784041816344778e-05
2.666894382604053e-05
2.42853130168928e-05
2.102460149645631e-05
1.715668036142578e-05
1.27573772518137e-05
7.699059560052171e-06
1.786578836572487e-06
-5.012608893295083e-06
-1.23566250876643e-05
-1.945781487488084e-05
-2.521978184876855e-05
-2.855370907758323e-05
-2.875186115287729e-05
-2.575647139964258e-05
-2.020065938157306e-05
-1.319931664371158e-05
-5.982419359811375e-06
4.675752252630702e-07
5.624420852942036e-06
9.408485752924241e-06
1.200652737105329e-05
1.364639307505171e-05
1.44555751191825e-05
1.446393946593276e-05
1.371367221079987e-05
1.237201798833817e-05
1.074413567733103e-05
9.151997931866817e-06
7.738480547759609e-06
6.316663379213647e-06
4.37467123417161e-06
1.268813295805684e-06
-3.4656360269512e-06
-9.828495751064017e-06
-1.723565917693807e-05
-2.46348339404734e-05
-3.081358029095567e-05
-3.476725822323029e-05
-3.597003317936286e-05
-3.444394084790771e-05
-3.062125147682105e-05
-2.509264179534665e-05
-1.837961064800873e-05
-1.084283861244952e-05
-2.754601012010654e-06
5.532548320604066e-06
1.344594324589014e-05
2.019435537217819e-05
2.494569450579114e-05
2.711246676336327e-05
2.660373211986536e-05
2.390249176679009e-05
1.990637378822074e-05
1.558970712398647e-05
1.164307316085103e-05
8.266023209987224e-06
5.213391332183291e-06
2.061586742886569e-06
-1.459316034121548e-06
-5.259407862145133e-06
-8.92878977122877e-06
-1.199863273832612e-05
-1.426179756511852e-05
-1.594440925546976e-05
-1.759669668094886e-05
-1.973483960009755e-05
-2.242432045408533e-05
-2.50547820955394e-05
-2.647407180172584e-05
-2.546220138629515e-05
-2.133381217668388e-05
-1.43678625025376e-05
-5.830485961830819e-06
2.448706955368764e-06
8.765008952826046e-06
1.217657024019526e-05
1.280087358367843e-05
1.16460051296655e-05
1.007603093323927e-05
9.175677015818972e-06
9.309543745873568e-06
1.005890048555641e-05
1.052901292787258e-05
9.849305487448672e-06
7.616848556361847e-06
4.085057644710594e-06
3.734015189671548e-08
-3.563855841379094e-06
-5.969930809047141e-06
-6.900642489251119e-06
-6.564944694088422e-06
-5.471889721186891e-06
-4.1492144718753e-06
-2.914569996330033e-06
-1.798838633659824e-06
-6.315226576339792e-07
7.869534201022586e-07
2.538606061051363e-06
4.552030463868774e-06
6.687612799519837e-06
8.87525393376818e-06
1.119922700816691e-05
1.385338707064449e-05
1.697011833159237e-05
2.041288172517314e-05
2.366277740252453e-05
2.589528741302597e-05
2.624758677392237e-05
2.416996384566309e-05
1.969723284359179e-05
1.350289543772329e-05
6.699044207826299e-06
4.660879761047491e-07
-4.325950268797146e-06
-7.3478869356165e-06
-8.817342073417225e-06
-9.311880225874766e-06
-9.497776134815267e-06
-9.893753464975677e-06
-1.074095525148932e-05
-1.198278922131518e-05
-1.331465851753623e-05
-1.426312724560815e-05
-1.428220206070111e-05
-1.287740742830514e-05
-9.760607761639763e-06
-5.002806199876114e-06
8.820448896726211e-07
6.987602914564517e-06
1.221608440332368e-05
1.557099809056781e-05
1.642801273172785e-05
1.467280060975329e-05
1.065894391833951e-05
5.029904429874981e-06
-1.487224658250364e-06
-8.210556659667999e-06
-1.451503574716631e-05
-1.977407955992875e-05
-2.333011953962097e-05
-2.45744994398825e-05
-2.313857032092141e-05
-1.910801034837916e-05
-1.312946755069117e-05
-6.313643984525185e-06
6.357256788373819e-08
4.953616097916301e-06
7.856902505796207e-06
8.935245355103295e-06
8.871427513266638e-06
8.546138955202815e-06
8.678177816551192e-06
9.577448973874892e-06
1.109653302360759e-05
1.277212363439019e-05
1.406896857343285e-05
1.46086600204546e-05
1.428948844776557e-05
1.326302974858183e-05
1.179830231539944e-05
1.010867058903121e-05
8.22612463906304e-06
5.982398449351141e-06
3.108166772143518e-06
-5.913902246384569e-07
-5.063774883528578e-06
-9.923613171018805e-06
-1.450622543698773e-05
-1.805148682625422e-05
-1.994566593388137e-05
-1.991430437791132e-05
-1.807553198481419e-05
-1.482858006681272e-05
-1.063705495812741e-05
-5.825695364486926e-06
-5.062847461087446e-07
5.321974379508163e-06
1.155608239070499e-05
1.779453961741503e-05
2.330634091869151e-05
2.722356887208158e-05
2.888766829347915e-05
2.817381403773482e-05
2.560212191944509e-05
2.213901822045201e-05
1.875472926296066e-05
1.594743596353948e-05
1.348684508565103e-05
1.053599042439964e-05
6.120301823253358e-06
-2.754901183899304e-07
-8.286053305032231e-06
-1.665091515840905e-05
-2.364032333134182e-05
-2.773276473985831e-05
-2.822506632508704e-05
-2.548748086623343e-05
-2.075320293373894e-05
-1.556046213657513e-05
-1.112565664767284e-05
-7.93765524638363e-06
-5.728882035494393e-06
-3.779045253078373e-06
-1.353414482745473e-06
1.953332856438942e-06
6.102703044025705e-06
1.071309436186439e-05
1.52511249985675e-05
1.917849908250775e-05
2.199955688756609e-05
2.325773508791424e-05
2.25759937434e-05
1.979118124418913e-05
1.51283143421519e-05
9.278226383045681e-06
3.253663835210922e-06
-1.983459740209696e-06
-5.971515315480053e-06
-9.026666270886728e-06
-1.21448594624225e-05
-1.650805344205061e-05
-2.280272646211138e-05
-3.069802175354216e-05
-3.878641247640995e-05
-4.506800235928189e-05
-4.777300088008467e-05
-4.612436937339092e-05
-4.065810760853406e-05
-3.294207055187691e-05
-2.484685443746562e-05
-1.77520326904791e-05
-1.209053878593317e-05
-7.43458470016393e-06
-3.023419166059404e-06
1.601300062231112e-06
6.223386576369649e-06
1.00402721533576e-05
1.213256053376478e-05
1.202103526239986e-05
9.983127320009251e-06
6.956904380040821e-06
4.104445877191537e-06
2.290532460973253e-06
1.754665148759033e-06
2.116212781276315e-06
2.651726633571142e-06
2.647340991377618e-06
1.632857496605106e-06
-5.73382193914569e-07
-3.935356467127627e-06
-8.250049938874961e-06
-1.310082623336549e-05
-1.776506129603352e-05
-2.122137642440817e-05
-2.237702960363843e-05
-2.049286416925378e-05
-1.56120711094725e-05
-8.724029589080535e-06
-1.489246207183936e-06
4.417620073692228e-06
8.052138191332448e-06
9.64332338451872e-06
1.047180798314523e-05
1.220897647633802e-05
1.603983400489938e-05
2.2023542124726e-05
2.902834142948335e-05
3.52717616755493e-05
3.917305372261126e-05
4.006494946511716e-05
3.840354742773724e-05
3.540065169529954e-05
3.231569984351961e-05
2.9808764441448e-05
2.768930927758907e-05
2.515124207918848e-05
2.13146132836595e-05
1.575221870435395e-05
8.731934590955854e-06
1.099849185594848e-06
-6.065206892182681e-06
-1.180028974085345e-05
-1.544074940615424e-05
-1.661581574401181e-05
-1.516812933512359e-05
-1.113539604989903e-05
-4.847315959336056e-06
2.937025382607709e-06
1.100057572755751e-05
1.786136398290529e-05
2.217148662104444e-05
2.316695338231608e-05
2.095292507158394e-05
1.646904110053774e-05
1.112910021990449e-05
6.285753426922464e-06
2.750759673482925e-06
5.676238281860862e-07
-8.888853922203818e-07
-2.556155801416309e-06
-5.238177836979222e-06
-9.255585090078356e-06
-1.431723522708132e-05
-1.96413435702173e-05
-2.425897021202414e-05
-2.737131489738896e-05
-2.861974193668141e-05
-2.816476588768249e-05
-2.654648838506551e-05
-2.439059023130178e-05
-2.209606979235616e-05
-1.965757842386909e-05
-1.671847379438631e-05
-1.283760817992584e-05
-7.835852658891914e-06
-2.032327837415581e-06
3.774771479782439e-06
8.596217092822596e-06
1.167162271661079e-05
1.280128315564638e-05
1.240847653240218e-05
1.129487337832769e-05
1.022158334482332e-05
9.54489628278795e-06
9.100913975089145e-06
8.387054362879047e-06
6.91814874547539e-06
4.541919189616347e-06
1.535974047626644e-06
-1.551449406943885e-06
-4.201176393816903e-06
-6.173933065965557e-06
-7.569192677402147e-06
-8.67779941617083e-06
-9.739907928546586e-06
-1.076482969014616e-05
-1.151335309734388e-05
-1.163175557826416e-05
-1.083697939254054e-05
-9.039265353525451e-06
-6.350249912903395e-06
-3.008962260784816e-06
6.968417218403538e-07
4.458377813854325e-06
7.93080057069781e-06
1.073403947940982e-05
1.252188120148159e-05
1.311139977472645e-05
1.259741796282146e-05
1.135853949703302e-05
9.915213672275024e-06
8.695699281546136e-06
7.837561959262727e-06
7.146006078189396e-06
6.242085757355989e-06
4.81656567867533e-06
2.835206489336934e-06
5.672459078350141e-07
-1.581977510203059e-06
-3.328773253179223e-06
-4.693321373883987e-06
-5.983727682912241e-06
-7.5801238620745e-06
-9.64064468499818e-06
-1.190187509042456e-05
-1.369512641799925e-05
-1.418028708616852e-05
-1.268354653754029e-05
-8.978815536566008e-06
-3.39383530476442e-06
3.283080641042901e-06
1.003056391512161e-05
1.585310921918773e-05
1.998848453003251e-05
2.202902176145413e-05
2.196048932506987e-05
2.013165315105116e-05
1.715836863510042e-05
1.37636721780816e-05
1.057586989128968e-05
7.940822577613158e-06
5.823836291121876e-06
3.855553888296425e-06
1.51563641533392e-06
-1.621400890858779e-06
-5.689481553143774e-06
-1.047096912279731e-05
-1.548845888540807e-05
-2.018414488369321e-05
-2.408373055491684e-05
-2.686564784158076e-05
-2.832543282801468e-05
-2.829414039837388e-05
-2.659481633369192e-05
-2.308798702879922e-05
-1.778944115190085e-05
-1.098639326901776e-05
-3.268586643776824e-06
4.565166134749275e-06
1.169500382694671e-05
1.748021710357804e-05
2.158428835748291e-05
2.398005587330653e-05
2.485267137834971e-05
2.44633992269951e-05
2.304273879826447e-05
2.07497700094907e-05
1.768989866087302e-05
1.395325181815366e-05
9.635699654792732e-06
4.82873987534029e-06
-4.057881955995911e-07
-6.044636440884509e-06
-1.20714601460852e-05
-1.840469814227657e-05
-2.481229904108167e-05
-3.085581859178557e-05
-3.590240355631361e-05
-3.922140772553858e-05
-4.015096594569076e-05
-3.828978816895729e-05
-3.365156173328555e-05
-2.672191755594987e-05
-1.83838283197611e-05
-9.721254618774512e-06
-1.758331659576853e-06
4.777736758439687e-06
9.584818256856506e-06
1.276059291951711e-05
1.464371174377491e-05
1.559979420268125e-05
1.585358664701828e-05
1.544147458578724e-05
1.429298793351268e-05
1.237976570046276e-05
9.834429513562476e-06
6.961650523519107e-06
4.129948665718352e-06
1.608145247110069e-06
-5.501074074287916e-07
-2.492973303723762e-06
-4.422771979190283e-06
-6.394031759820722e-06
-8.181122669971569e-06
-9.310826593227223e-06
-9.265160877953964e-06
-7.757266897414643e-06
-4.928887942614544e-06
-1.348468804007719e-06
2.207105164817697e-06
5.082576595634136e-06
7.012722564642372e-06
8.182784401227774e-06
9.047072773420058e-06
1.000802546207634e-05
1.1139300731864e-05
1.211357268940735e-05
1.237889636542134e-05
1.148306445720297e-05
9.357752357144472e-06
6.396176136043673e-06
3.278005675933509e-06
6.431454117284154e-07
-1.196116464998885e-06
-2.339926137095481e-06
-3.140860252496919e-06
-3.904378489557242e-06
-4.637668230423731e-06
-5.003413014534986e-06
-4.50904121933741e-06
-2.818051080778063e-06
5.044951725829355e-09
3.46627587275175e-06
6.85286185785771e-06
9.565838498399427e-06
1.138803015087759e-05
1.253999228818746e-05
1.349815139713589e-05
1.468066568787192e-05
1.617354460458416e-05
1.763978957674794e-05
1.845171752940217e-05
1.797246049224471e-05
1.584695985064958e-05
1.217171825608953e-05
7.479929611582573e-06
2.562712552432532e-06
-1.791697961202163e-06
-5.039362667157002e-06
-7.019144338284897e-06
-7.945289632833538e-06
-8.260396227507346e-06
-8.403624671132127e-06
-8.58591779652308e-06
-8.673213847161048e-06
-8.245098801969124e-06
-6.820684227814954e-06
-4.153268389698233e-06
-4.389623993584477e-07
3.694639266942141e-06
7.44910718301997e-06
1.025209848523952e-05
1.207763896142647e-05
1.348893230669804e-05
1.533789515727951e-05
1.824927261075322e-05
2.215961888307041e-05
2.618073732657878e-05
2.889903985274688e-05
2.898655157150147e-05
2.581879751351343e-05
1.977790659329883e-05
1.208253916105981e-05
4.240359093413254e-06
-2.581226197495506e-06
-7.939182643872634e-06
-1.208010709736955e-05
-1.555718746439366e-05
-1.875967518052861e-05
-2.164271505192054e-05
-2.380081303599767e-05
-2.480671521516917e-05
-2.457611045757616e-05
-2.35122682509281e-05
-2.233032129490561e-05
-2.166328209321964e-05
-2.168594753300562e-05
-2.198077397102179e-05
-2.172554554703655e-05
-2.009819912549179e-05
-1.667942778112986e-05
-1.164972723788639e-05
-5.704155933872363e-06
2.37248387018966e-07
5.352900663632599e-06
9.120022450049555e-06
1.133181254344534e-05
1.198332503833682e-05
1.113797489002865e-05
8.868277605714812e-06
5.292250518817992e-06
6.541153389285774e-07
-4.629886102248584e-06
-1.001142871513636e-05
-1.492728657648633e-05
-1.893569019550707e-05
-2.180353749580422e-05
-2.350705151910999e-05
-2.415756953540147e-05
-2.390081388221646e-05
-2.284307305933704e-05
-2.103292468136914e-05
-1.849092381903302e-05
-1.525434511270542e-05
-1.140265205065763e-05
-7.049604069196847e-06
-2.315214667672256e-06
2.692644651974482e-06
7.862240510486817e-06
1.302741356468044e-05
1.791208228289463e-05
2.211508428957425e-05
2.516875045432105e-05
2.666696813713526e-05
2.641372944646654e-05
2.451843504890069e-05
2.137952092928659e-05
1.755166429669294e-05
1.355724794355381e-05
9.740745968763741e-06
6.246940328852999e-06
3.133519821858052e-06
5.434448411887758e-07
-1.184581153190319e-06
-1.562757264603943e-06
-1.612710711747203e-07
3.126504122902099e-06
7.915875702879917e-06
1.337566898277849e-05
1.848703183698397e-05
2.239318254754005e-05
2.466106300311684e-05
2.532593729873088e-05
2.471788105023012e-05
2.319532108144372e-05
2.095471319126952e-05
1.801894750594803e-05
1.437530425949645e-05
1.012720400124594e-05
5.518044079401049e-06
7.874894125764032e-07
-4.038685943602238e-06
-9.246615784048384e-06
-1.529200252649472e-05
-2.244623613932892e-05
-3.042404721310578e-05
-3.824208036851069e-05
-4.445321705874433e-05
-4.768689165531962e-05
-4.722996108624355e-05
-4.333323177368043e-05
-3.706760483694766e-05
-2.980545062861008e-05
-2.261689815203081e-05
-1.591498574834994e-05
-9.528481039366766e-06
-3.120753813421728e-06
3.332361771057463e-06
9.317245979518257e-06
1.395237552417415e-05
1.644246917739575e-05
1.652763117654416e-05
1.464499810284111e-05
1.170341572448723e-05
8.611558795413303e-06
5.845023730688581e-06
3.301303097226184e-06
5.038940140766927e-07
-2.997399246507791e-06
-7.288380759711536e-06
-1.201055879466686e-05
-1.655611503948344e-05
-2.038114077842031e-05
-2.322424803082919e-05
-2.510578206413323e-05
-2.614565242064084e-05
-2.635995952053976e-05
-2.559696110962948e-05
-2.365801547718582e-05
-2.050525825073897e-05
-1.638891100255413e-05
-1.178229430400354e-05
-7.152432694227372e-06
-2.718975787817733e-06
1.626148871325412e-06
6.168987445980639e-06
1.108197579125825e-05
1.618291892390275e-05
2.091344042551261e-05
2.456608518408593e-05
2.662434922395695e-05
2.700045578055146e-05
2.601766175503831e-05
2.414973264791428e-05
2.169208397434842e-05
1.858909334393714e-05
1.454390937429096e-05
9.351316856093877e-06
3.240389565408175e-06
-3.006796239451082e-06
-8.264088471104641e-06
-1.150048627890727e-05
-1.220639200959181e-05
-1.056542096092059e-05
-7.279973041798269e-06
-3.163720544078311e-06
1.252359215647692e-06
5.872983495394255e-06
1.088039640853986e-05
1.639009684607869e-05
2.21573312644726e-05
2.75326158579812e-05
3.170345420213113e-05
3.407872635349026e-05
3.458381632179438e-05
3.368968800788051e-05
3.215904956163613e-05
3.065635175866463e-05
2.943744289004658e-05
2.827434909903662e-05
2.662699172917437e-05
2.393984564025715e-05
1.989622121937605e-05
1.452176102399599e-05
8.139987987411919e-06
1.266360157446547e-06
-5.469141700566064e-06
-1.134835748897912e-05
-1.559574926966557e-05
-1.749133522996933e-05
-1.658623775405916e-05
-1.294280758599187e-05
-7.255564962368941e-06
-7.344502206842684e-07
5.252974781515283e-06
9.643194962503744e-06
1.202788814771543e-05
1.272143481739827e-05
1.251480110894232e-05
1.224964164421753e-05
1.243471038597523e-05
1.308803580466965e-05
1.384886116149273e-05
1.424983107254117e-05
1.396485443311151e-05
1.289180391859739e-05
1.105602102916931e-05
8.443940188861e-06
4.915795059993766e-06
2.800974663945719e-07
-5.511081872863464e-06
-1.218241026592592e-05
-1.910926441579812e-05
-2.548933460347905e-05
-3.062774091504336e-05
-3.417421228414195e-05
-3.617590940688268e-05
-3.692174606644755e-05
-3.668194865043168e-05
-3.550868268562531e-05
-3.322114008072148e-05
-2.957959890979966e-05
-2.453346671267913e-05
-1.838277624762333e-05
-1.174745986878369e-05
-5.357282991307864e-06
2.171632044655573e-07
4.7404493780622e-06
8.303327935281173e-06
1.114779996328936e-05
1.343833586755518e-05
1.511306530677158e-05
1.589190857125561e-05
1.542292624826674e-05
1.347245428478519e-05
1.005023445313038e-05
5.4092457924605e-06
-6.343892872977665e-08
-5.990221804467577e-06
-1.209679314999247e-05
-1.821015946138637e-05
-2.417401736586893e-05
-2.974069708736177e-05
-3.450968735544528e-05
-3.795692889741081e-05
-3.955285688065347e-05
-3.892351504186739e-05
-3.598680689599123e-05
-3.100363499152726e-05
-2.45181168767397e-05
-1.720892131644612e-05
-9.715155910394994e-06
-2.515030949795789e-06
4.087728041884862e-06
9.870429000926572e-06
1.455501039472905e-05
1.772893211415438e-05
1.890567776075722e-05
1.773476738041417e-05
1.427664139733984e-05
9.193241951453996e-06
3.71448829028832e-06
-6.680636778040452e-07
-2.69458049555576e-06
-1.821615221398377e-06
1.521073266897659e-06
6.037294494720633e-06
1.001536344238057e-05
1.195057181543013e-05
1.108934806538611e-05
7.67980610440903e-06
2.840348241814589e-06
-1.884261335397272e-06
-5.091857592282178e-06
-5.996155687723537e-06
-4.63847669449059e-06
-1.782341734081103e-06
1.446241535631714e-06
4.02424799411468e-06
5.424189737016895e-06
5.785256538873635e-06
5.795349717341513e-06
6.325761634444025e-06
7.964354004191114e-06
1.065070389809299e-05
1.35938274217678e-05
1.554349357432947e-05
1.532543133956475e-05
1.241017827803076e-05
7.24105084042554e-06
1.137064573460289e-06
-4.21766114301077e-06
-7.477235767823165e-06
-8.197403411980854e-06
-6.980558350774811e-06
-5.126874362005041e-06
-3.966547104838381e-06
-4.21258953885559e-06
-5.660260445061469e-06
-7.372304500271398e-06
-8.229865161108529e-06
-7.539792032284276e-06
-5.373392248902364e-06
-2.474252423948116e-06
1.824782460071524e-07
1.910533006768366e-06
2.618941613368912e-06
2.753921220154548e-06
2.946267474600016e-06
3.599617535301791e-06
4.670698832214038e-06
5.757163509239434e-06
6.410839519166935e-06
6.457418913827276e-06
6.109587339956107e-06
5.801177857083756e-06
5.854072196777571e-06
6.200894234782342e-06
6.355335870847808e-06
5.667604407383221e-06
3.720863124332505e-06
6.287700413720803e-07
-2.954863033584165e-06
-6.134484925724e-06
-8.214076753445921e-06
-9.026498644148379e-06
-8.958010768209031e-06
-8.653270741063051e-06
-8.575386230914652e-06
-8.683301768884174e-06
-8.422080065700624e-06
-7.039012137409067e-06
-4.047063224817708e-06
4.308054438279628e-07
5.636206433342435e-06
1.04868332235555e-05
1.405264804342624e-05
1.593570754458434e-05
1.635456686129024e-05
1.590758638705532e-05
1.517107529264018e-05
1.437290624598395e-05
1.332448452769565e-05
1.163276602678071e-05
9.047419745084944e-06
5.723756442742434e-06
2.239521870279893e-06
-6.459662965705499e-07
-2.35029669613951e-06
-2.739552949943256e-06
-2.164422070424265e-06
-1.250150305249319e-06
-5.659823676780319e-07
-3.5698595043967e-07
-4.727254062138635e-07
-5.08960284740223e-07
-6.302317604248955e-08
1.044985237809758e-06
2.69500937416882e-06
4.550909035849862e-06
6.23401718603802e-06
7.479893926053214e-06
8.20159710739979e-06
8.45009641093297e-06
8.322282123760554e-06
7.885881697888333e-06
7.164576048515494e-06
6.179053336723329e-06
5.003023785717141e-06
3.787941678215322e-06
2.73484524148659e-06
2.027341173501261e-06
1.763911683203372e-06
1.927983381859028e-06
2.413112869634303e-06
3.091415798008499e-06
3.891055768643701e-06
4.842876003112096e-06
6.06875294449455e-06
7.709740102666817e-06
9.820876485643263e-06
1.228000509894255e-05
1.475957999526313e-05
1.678849569369901e-05
1.789107372899479e-05
1.774939869174194e-05
1.631537763445948e-05
1.38156221953838e-05
1.064264003767905e-05
7.1859757299285e-06
3.692652255735766e-06
2.329409248642802e-07
-3.212414661013834e-06
-6.601791548432564e-06
-9.721163204179364e-06
-1.219608490353734e-05
-1.363846984147022e-05
-1.385190565531966e-05
-1.29723061101349e-05
-1.144797553714317e-05
-9.853643912347738e-06
-8.634370694768918e-06
-7.924173965411831e-06
-7.546341160842658e-06
-7.195894216117501e-06
-6.692369491685441e-06
-6.143041800235533e-06
-5.906534330642202e-06
-6.368314805970786e-06
-7.660529828859144e-06
-9.503402598724251e-06
-1.128218502619937e-05
-1.23359804629095e-05
-1.230356047418466e-05
-1.132703092937725e-05
-9.987627791153053e-06
-8.999733132703547e-06
-8.831512904689948e-06
-9.468290850627885e-06
-1.045656518113428e-05
-1.120491621527994e-05
-1.136587863642653e-05
-1.10699650548522e-05
-1.086334524654569e-05
-1.137125110696629e-05
-1.287345443895468e-05
-1.504071259747274e-05
-1.70024145744218e-05
-1.773591922741048e-05
-1.658574065485565e-05
-1.363805503359758e-05
-9.741727394871672e-06
-6.148536789230958e-06
-3.945692678246837e-06
-3.565010739200815e-06
-4.615111604841633e-06
-6.116262173020748e-06
-7.01150147965619e-06
-6.691586715468606e-06
-5.274442929664558e-06
-3.515404324153375e-06
-2.415777256317738e-06
-2.741556426958475e-06
-4.689810255323867e-06
-7.843629550605575e-06
-1.13993857726571e-05
-1.452089686592116e-05
-1.663815593161345e-05
-1.757001851238133e-05
-1.746187317010821e-05
-1.662104285718652e-05
-1.53570996744803e-05
-1.38919905544817e-05
-1.233771919262056e-05
-1.069824657308361e-05
-8.861989212203176e-06
-6.595454227823483e-06
-3.584180668834758e-06
4.423460700994937e-07
5.521658121693725e-06
1.129190535755418e-05
1.696085357237012e-05
2.147807859659571e-05
2.387709364908796e-05
2.365164731721553e-05
2.098907164492306e-05
1.673484458606426e-05
1.208552867308547e-05
8.138708547076567e-06
5.498635524790349e-06
4.10832141978067e-06
3.369203561740039e-06
2.476748665809071e-06
8.111015830682867e-07
-1.785213791959789e-06
-4.942106507563764e-06
-7.907600168068412e-06
-9.820169904210847e-06
-9.992004282640843e-06
-8.108089923935102e-06
-4.295642007934017e-06
9.318452564405937e-07
6.819886002370414e-06
1.255994655442059e-05
1.747121883310852e-05
2.113651578863129e-05
2.346180337026118e-05
2.46460514137731e-05
2.507259567134427e-05
2.51586697151045e-05
2.521501399436978e-05
2.536348062364054e-05
2.553710826716593e-05
2.555402906389249e-05
2.522841777517092e-05
2.447011561188305e-05
2.333271260138791e-05
2.199242716352082e-05
2.066745076858063e-05
1.951032911815887e-05
1.851803268521131e-05
1.750192258345822e-05
1.614160113065201e-05
1.411530988911077e-05
1.126392117672458e-05
7.720497587174483e-06
3.938411468827388e-06
5.851328133801662e-07
-1.673291588226804e-06
-2.415658799875638e-06
-1.63104969480914e-06
2.737593598227524e-07
2.63570657274211e-06
4.79596433851721e-06
6.340125082973219e-06
7.208226062131454e-06
7.631159565774861e-06
7.938778757713925e-06
8.3481404722594e-06
8.843287526791623e-06
9.200027261470891e-06
9.124362806686963e-06
8.410964381204423e-06
7.024171231175406e-06
5.059533946339181e-06
2.624226176444178e-06
-2.701840994161585e-07
-3.714555871229466e-06
-7.785701671147711e-06
-1.23706226624687e-05
-1.70502601089659e-05
-2.114624322824148e-05
-2.395018254682802e-05
-2.504558788651571e-05
-2.455995245361598e-05
-2.319598478959973e-05
-2.198959931852686e-05
-2.188193069947185e-05
-2.329983574176131e-05
-2.59523710078706e-05
-2.895498751851161e-05
-3.123273710649979e-05
-3.201086082484738e-05
-3.115292915537806e-05
-2.918238270010264e-05
-2.698553197577301e-05
-2.535707394438433e-05
-2.462510502529561e-05
-2.454074395424236e-05
-2.446809208775959e-05
-2.374813121556015e-05
-2.202617723023854e-05
-1.937104427526559e-05
-1.61474778383078e-05
-1.274932560557851e-05
-9.372404610818882e-06
-5.964184810674044e-06
-2.363914423943737e-06
1.477490837021393e-06
5.355389956458222e-06
8.847998480967144e-06
1.151267750202288e-05
1.311991425156639e-05
1.378221136848616e-05
1.390596630026145e-05
1.400578323742229e-05
1.449727147954543e-05
1.557860610716912e-05
1.723444261357158e-05
1.930860753435763e-05
2.155910812625242e-05
2.3652122461852e-05
2.513317364194954e-05
2.546416715603781e-05
2.418537101771532e-05
2.116312613210553e-05
1.678602858777339e-05
1.195459293280381e-05
7.803793574094106e-06
5.257921403862717e-06
4.641752654799546e-06
5.570515194261645e-06
7.197937075017114e-06
8.69465210326631e-06
9.685949985915328e-06
1.039444608533621e-05
1.140857030143619e-05
1.322794236066821e-05
1.587719790617884e-05
1.883771485540083e-05
2.134333608028827e-05
2.284801995190259e-05
2.335377751916836e-05
2.33681667026734e-05
2.349698447762642e-05
2.39225167445393e-05
2.411285519643575e-05
2.298532954010712e-05
1.947468491028922e-05
1.319849839301451e-05
4.828733945910553e-06
-4.073813637456077e-06
-1.170869326254027e-05
-1.684201362473251e-05
-1.935215903463173e-05
-2.023880787700794e-05
-2.110738548282147e-05
-2.340987888419797e-05
-2.782487375612508e-05
-3.405083817383694e-05
-4.104528662540572e-05
-4.75146527744601e-05
-5.236951362831667e-05
-5.49394652403186e-05
-5.492228068895044e-05
-5.220362912672698e-05
-4.67329875626491e-05
-3.856348323285886e-05
-2.802243189291762e-05
-1.587145530090636e-05
-3.306963793667308e-06
8.25679770135592e-06
1.754986005027523e-05
2.37924146495723e-05
2.686504151086761e-05
2.723137369302444e-05
2.566210223092749e-05
2.289810054226006e-05
1.940559652909964e-05
1.531794806323156e-05
1.056262118046104e-05
5.087051969849542e-06
-9.401821355322107e-07
-7.055407104376514e-06
-1.259123582074815e-05
-1.689386369387337e-05
-1.956836252605692e-05
-2.063780934423321e-05
-2.053522105156273e-05
-1.99181765668817e-05
-1.937684983063644e-05
-1.916169662838002e-05
-1.905882999922543e-05
-1.848231847584411e-05
-1.675508015298098e-05
-1.345772680979601e-05
-8.684007882136936e-06
-3.076953623301964e-06
2.381178802754457e-06
6.735742230450081e-06
9.417850787717165e-06
1.043152072643369e-05
1.028901688773045e-05
9.732844909703426e-06
9.380448302642116e-06
9.456842805639547e-06
9.730394470160074e-06
9.666679025772129e-06
8.716180700850807e-06
6.599668848066881e-06
3.469118951104234e-06
-1.12560327738905e-07
-3.349116594771819e-06
-5.463240324337162e-06
-5.924629715272508e-06
-4.579209821799259e-06
-1.651630672078877e-06
2.35993922109592e-06
6.846804426656551e-06
1.125165750206956e-05
1.518117266881323e-05
1.844442429192215e-05
2.10201303508157e-05
2.297939103589597e-05
2.440230087559547e-05
2.532220730185447e-05
2.571267373912424e-05
2.550890765254083e-05
2.464049003724813e-05
2.30545268066083e-05
2.072581103376214e-05
1.766993598137586e-05
1.397975188351139e-05
9.886995828118497e-06
5.818242489056032e-06
2.390795155423918e-06
3.033576521255934e-07
1.245163120976617e-07
2.048790972967396e-06
5.735824166137933e-06
1.033719246325538e-05
1.473974823358856e-05
1.794590935654777e-05
1.942778259467022e-05
1.928579013357275e-05
1.812737487536961e-05
1.671936029860532e-05
1.558587832433685e-05
1.475502903972699e-05
1.377985620092766e-05
1.201250020926227e-05
8.975469226011778e-06
4.627028827439301e-06
-6.149012005497389e-07
-6.084303065402231e-06
-1.117564009542361e-05
-1.556523281573475e-05
-1.922668316183236e-05
-2.225561999312509e-05
-2.463788629966501e-05
-2.612593434683369e-05
-2.631328937084975e-05
-2.486518015834604e-05
-2.175874130732716e-05
-1.737497088580468e-05
-1.237418767078616e-05
-7.420876680518429e-06
-2.918326399742571e-06
1.090990618177891e-06
4.804199479795518e-06
8.395579566218219e-06
1.17778833480767e-05
1.453640894646185e-05
1.607835653204121e-05
1.590929051584178e-05
1.387346228273422e-05
1.021971585442881e-05
5.462299907031597e-06
1.290693714659742e-07
-5.446499276934722e-06
-1.116551499186004e-05
-1.701939385248679e-05
-2.286076885284095e-05
-2.824524415764172e-05
-3.246263911280057e-05
-3.476821923625431e-05
-3.470693010713177e-05
-3.236244372772453e-05
-2.839121200663184e-05
-2.380446827414306e-05
-1.958500757174662e-05
-1.630859942823224e-05
-1.394233272660408e-05
-1.191411124333191e-05
-9.426046920352345e-06
-5.874888123959698e-06
-1.193209965648216e-06
4.042775438778694e-06
8.792926820465664e-06
1.194925360695799e-05
1.278073172288795e-05
1.123462431456808e-05
7.962351186353174e-06
4.058442751875016e-06
6.284218427356818e-07
-1.623297499002241e-06
-2.607444758799584e-06
-2.783602043406585e-06
-2.863467678519681e-06
-3.43711355081742e-06
-4.700423976181785e-06
-6.39869133552763e-06
-7.986679603442679e-06
-8.901049188281102e-06
-8.799614665706678e-06
-7.659012019292758e-06
-5.710034552459418e-06
-3.275495905363792e-06
-6.132850648370059e-07
2.15622891315571e-06
5.021250229175361e-06
7.989871113123256e-06
1.100646484660932e-05
1.391911425329714e-05
1.650395305353496e-05
1.852074280938603e-05
1.976874371408787e-05
2.012852672585586e-05
1.959387848458688e-05
1.830027124656345e-05
1.654090479461381e-05
1.474413415226898e-05
1.338786258021185e-05
1.285515910975043e-05
1.327746719683274e-05
1.443935117892338e-05
1.580791522974258e-05
1.669864954418106e-05
1.65214414462027e-05
1.500327525388719e-05
1.228656576352975e-05
8.856494001653514e-06
5.330575501366813e-06
2.208048232470423e-06
-3.071284085464606e-07
-2.334704750629103e-06
-4.195440661879055e-06
-6.203686197792324e-06
-8.474703102520536e-06
-1.083117803920806e-05
-1.284236869760603e-05
-1.396981804368113e-05
-1.375333775489036e-05
-1.19647768208059e-05
-8.681707440694711e-06
-4.27165558260007e-06
6.903789770212467e-07
5.535604570021595e-06
9.617499206765845e-06
1.24165477486143e-05
1.362932651094687e-05
1.323361529397527e-05
1.150850346410035e-05
8.981712756397752e-06
6.29033036209546e-06
3.978386296131101e-06
2.299294660246935e-06
1.114436782403582e-06
-4.341023691506093e-08
-1.74298766532479e-06
-4.352721024591531e-06
-7.809544096166031e-06
-1.158803529405683e-05
-1.490700115068627e-05
-1.708366307246989e-05
-1.785483005017918e-05
-1.748871550723553e-05
-1.661848885267743e-05
-1.588472864032467e-05
-1.558842662391124e-05
-1.555621495915041e-05
-1.529738837945759e-05
-1.435636357255798e-05
-1.26414618557432e-05
-1.052153461239276e-05
-8.625823900877269e-06
-7.473514253696947e-06
-7.175812693693072e-06
-7.414521936845975e-06
-7.723325100950933e-06
-7.890612778813464e-06
-8.202314275999163e-06
-9.325794883550762e-06
-1.186208707938514e-05
-1.582599811312157e-05
-2.039879004369093e-05
-2.41659273791769e-05
-2.57673608934629e-05
-2.461784475514533e-05
-2.12716498072898e-05
-1.717731272367809e-05
-1.390832668095111e-05
-1.227055107686426e-05
-1.17866833872513e-05
-1.087234952807339e-05
-7.64354429965329e-06
-9.415088027304113e-07
8.968821157923098e-06
2.04007359491411e-05
3.094705566677632e-05
3.851038514145602e-05
4.213188064140859e-05
4.221884366617689e-05
4.010926184173354e-05
3.726110575144891e-05
3.452424550439705e-05
3.186287791599661e-05
2.861556478092801e-05
2.407851798773421e-05
1.804401945331736e-05
1.099205322774623e-05
3.86235686373965e-06
-2.417539683635556e-06
-7.347518064916551e-06
-1.097155903248727e-05
-1.364938397200748e-05
-1.564664270007719e-05
-1.681118342628938e-05
-1.654720655657291e-05
-1.412240041762678e-05
-9.148713341477819e-06
-1.972722334052652e-06
6.249410023893496e-06
1.385926224937456e-05
1.926081960848957e-05
2.149060679513242e-05
2.054026503932608e-05
1.729821733672484e-05
1.31534441088257e-05
9.449756690476793e-06
7.026773014888082e-06
6.019978604579387e-06
5.958183117938973e-06
6.064150659994478e-06
5.596469626462482e-06
4.090823488350022e-06
1.441254873383913e-06
-2.148300568025678e-06
-6.265549710259203e-06
-1.038165346972277e-05
-1.392104343261523e-05
-1.633890965323159e-05
-1.723475482870981e-05
-1.648642182207643e-05
-1.43381122635137e-05
-1.136420776201416e-05
-8.280416411237413e-06
-5.663358324899287e-06
-3.713341443365665e-06
-2.197650761536596e-06
-6.275159337784602e-07
1.408908809023322e-06
3.936488684854342e-06
6.489909443277562e-06
8.296744333500893e-06
8.665712623417013e-06
7.374716074498839e-06
4.841211876707719e-06
1.970360900983163e-06
-2.472830808207556e-07
-1.177799122620059e-06
-7.937540918659613e-07
3.914138582834305e-07
1.65326678298936e-06
2.459715109467834e-06
2.730086452827833e-06
2.82706931769232e-06
3.313850574236183e-06
4.631672520792528e-06
6.876903583562743e-06
9.778315447352648e-06
1.285165829742559e-05
1.561741128368681e-05
1.77576108029597e-05
1.915185833422366e-05
1.98185446004037e-05
1.98358986060688e-05
1.930267153317107e-05
1.834159859744861e-05
1.710018373990115e-05
1.57033064885905e-05
1.416177640204576e-05
1.230088895469849e-05
9.791731200830314e-06
6.319975435507324e-06
1.834396423836544e-06
-3.26056514717116e-06
-8.108644948391125e-06
-1.165634381637923e-05
-1.307517805078335e-05
-1.215720375053269e-05
-9.474567800279683e-06
-6.194896271260787e-06
-3.614538398162173e-06
-2.621383168846455e-06
-3.34508708068959e-06
-5.165917263381016e-06
-7.076391767748436e-06
-8.214158364011103e-06
-8.301411099023788e-06
-7.777421797064189e-06
-7.567386245200636e-06
-8.610099015539747e-06
-1.137814612086438e-05
-1.561602204498735e-05
-2.040616785560935e-05
-2.451540882320722e-05
-2.68544783804321e-05
-2.685361539261441e-05
-2.461892570779767e-05
-2.084363000182365e-05
-1.654609646164407e-05
-1.275113921043474e-05
-1.02172744515424e-05
-9.266516570832687e-06
-9.729700940082355e-06
-1.099929132425293e-05
-1.217883104247375e-05
-1.231403539496024e-05
-1.066980026058526e-05
-6.984552207722805e-06
-1.611889328746977e-06
4.524641410383885e-06
1.017712249811374e-05
1.414897089580332e-05
1.566574443188534e-05
1.459836401494198e-05
1.145556752596464e-05
7.162090229960941e-06
2.728504372499608e-06
-1.047460452000192e-06
-3.743940802359024e-06
-5.318318801340843e-06
-6.003599663207735e-06
-6.181791976148912e-06
-6.293759143759324e-06
-6.789607544737948e-06
-8.08002937583131e-06
-1.044864302532852e-05
-1.392791428988406e-05
-1.819498493846171e-05
-2.256696625782318e-05
-2.614447681851888e-05
-2.807900802851124e-05
-2.786521141613288e-05
-2.552937246439142e-05
-2.162248476396495e-05
-1.701453115581467e-05
-1.257997226346465e-05
-8.913405121909333e-06
-6.1936502353698e-06
-4.236996645903997e-06
-2.688541669851502e-06
-1.242185854659359e-06
2.18408477059811e-07
1.610760992134572e-06
2.755458068656523e-06
3.515461427704541e-06
3.89229648524832e-06
4.034204174822305e-06
4.164534992146363e-06
4.478584304373861e-06
5.064732543214509e-06
5.882781960897516e-06
6.797072852262533e-06
7.636377777491623e-06
8.249084964600873e-06
8.537478570603549e-06
8.4742497935353e-06
8.112652004372135e-06
7.594048498284196e-06
7.141392349177397e-06
7.019886604077574e-06
7.457578227476842e-06
8.546000354294628e-06
1.016721470556796e-05
1.19976898832786e-05
1.361094956452519e-05
1.464973218739662e-05
1.499216657054356e-05
1.482541753707288e-05
1.457770214329412e-05
1.473048470515064e-05
1.559901285553426e-05
1.719125069580273e-05
1.921588502837754e-05
2.122874565950473e-05
2.28303660763963e-05
2.380223890318167e-05
2.411260484625679e-05
2.380867421801433e-05
2.288651844052656e-05
2.124307862382861e-05
1.875552298911358e-05
1.543847138986965e-05
1.156304229311275e-05
7.63245319003979e-06
4.197069262642552e-06
1.60397210903818e-06
-1.628782216640442e-07
-1.433903456064748e-06
-2.601449809585053e-06
-3.803283838232896e-06
-4.740495898884927e-06
-4.764767730568958e-06
-3.213634635925635e-06
1.847802880486878e-07
5.074482276936092e-06
1.055474254767483e-05
1.555412325879179e-05
1.929299600176891e-05
2.157616143717671e-05
2.275645909164005e-05
2.340748149883851e-05
2.391839974599042e-05
2.426703897257049e-05
2.410940347288196e-05
2.31163559184753e-05
2.132108411265802e-05
1.922254208358618e-05
1.753798346916014e-05
1.672551584199417e-05
1.656527987140643e-05
1.608678763737939e-05
1.395040221407887e-05
9.130635615404957e-06
1.557257843892547e-06
-7.638802546944957e-06
-1.644195446747333e-05
-2.271441453571448e-05
-2.505819312707002e-05
-2.337503637845281e-05
-1.886889730584363e-05
-1.350359738989498e-05
-9.180210617479119e-06
-7.012149393208685e-06
-7.005556799864301e-06
-8.245986551353515e-06
-9.457823013891268e-06
-9.650930168762056e-06
-8.559865959342447e-06
-6.703170438988007e-06
-5.075266743394299e-06
-4.644000440641806e-06
-5.896533783040847e-06
-8.63479859483665e-06
-1.209669189156415e-05
-1.532987947606603e-05
-1.763606270291985e-05
-1.887935269406176e-05
-1.95206752840796e-05
-2.036906539485003e-05
-2.217175022536859e-05
-2.523763925913593e-05
-2.926862755957579e-05
-3.346925943902361e-05
-3.686889462181204e-05
-3.869064329901268e-05
-3.858956785034298e-05
-3.666432239504908e-05
-3.327566385285972e-05
-2.880888051278391e-05
-2.353559537122675e-05
-1.765311951573131e-05
-1.145326038777929e-05
-5.475438964871026e-06
-4.946567180421598e-07
2.707722446959878e-06
3.697591436649033e-06
2.66941501763899e-06
4.656951865803443e-07
-1.728967951876849e-06
-2.901983643097593e-06
-2.684699015897209e-06
-1.528848897553011e-06
-4.738802814796174e-07
-6.045445988362886e-07
-2.469218912443339e-06
-5.761015600572751e-06
-9.432652196414198e-06
-1.218933453555031e-05
-1.310382239803273e-05
-1.203444894582032e-05
-9.635906344246372e-06
-6.974335421927466e-06
-4.969973150856095e-06
-3.975233477258871e-06
-3.708170894892207e-06
-3.55275012092489e-06
-3.028002887052269e-06
-2.137276385805115e-06
-1.386906642098042e-06
-1.463760348511885e-06
-2.765948522326403e-06
-5.071124974106577e-06
-7.549706095920492e-06
-9.131069556010968e-06
-9.025400266447421e-06
-7.111789015346633e-06
-3.977619317916508e-06
-5.91444890471147e-07
2.203102400912976e-06
4.089318041644111e-06
5.35930040384927e-06
6.647029268778071e-06
8.4811407400794e-06
1.091992422830984e-05
1.347250211824098e-05
1.533952458265077e-05
1.582719065546774e-05
1.470251645410911e-05
1.230743409211668e-05
9.394998754665563e-06
6.800836673574429e-06
5.131504838462763e-06
4.610235985652311e-06
5.110007260379062e-06
6.301041361479902e-06
7.805689848715341e-06
9.295215301460989e-06
1.053456415984645e-05
1.142164308525749e-05
1.204641170610831e-05
1.27347439362455e-05
1.400038781676011e-05
1.635382194947244e-05
2.000791095057424e-05
2.462009441221389e-05
2.924273461895178e-05
3.257529496883804e-05
3.345301300806934e-05
3.13563468493946e-05
2.668113402889301e-05
2.061230064111896e-05
1.464644089802703e-05
9.997055862972906e-06
7.178483884067257e-06
5.960274562938087e-06
5.672864230147582e-06
5.65381850661699e-06
5.566285425867652e-06
5.428947487504665e-06
5.396994455363683e-06
5.495451187999665e-06
5.52426876391446e-06
5.218180731980822e-06
4.545896765939254e-06
3.909463355891506e-06
4.046694979618906e-06
5.630150288172668e-06
8.77573020383062e-06
1.277503821932573e-05
1.62685491854499e-05
1.782621596693791e-05
1.664619930440983e-05
1.298269103492799e-05
8.043756005642465e-06
3.393883688233166e-06
1.830135576614255e-07
-1.369486772018272e-06
-1.950923299170545e-06
-2.620263909150363e-06
-4.090103519528066e-06
-6.259185920803571e-06
-8.275823114067282e-06
-9.090859726974729e-06
-8.161126984641971e-06
-5.869825639765259e-06
-3.3967874316779e-06
-2.100250061926599e-06
-2.766200621400255e-06
-5.165194555996534e-06
-8.179221163873366e-06
-1.042770522754749e-05
-1.102976682214348e-05
-1.006184345291668e-05
-8.450874460047542e-06
-7.375576251737596e-06
-7.535797670089364e-06
-8.724327616553398e-06
-9.95486006706572e-06
-1.007151628162315e-05
-8.481825825759182e-06
-5.580897722347938e-06
-2.61126476048351e-06
-1.026850193653029e-06
-1.713455051776555e-06
-4.500122262552745e-06
-8.231293608711931e-06
-1.135537694830022e-05
-1.270116417801602e-05
-1.201899067495262e-05
-1.000749629493908e-05
-7.842143312579417e-06
-6.49740053933195e-06
-6.255087920216288e-06
-6.664705411708669e-06
-6.946778818721059e-06
-6.569910588384907e-06
-5.637487966289653e-06
-4.84352832565932e-06
-5.023576410021611e-06
-6.577230379510458e-06
-9.12450000769538e-06
-1.162619981679083e-05
-1.292427091845793e-05
-1.240148057334318e-05
-1.037363345851427e-05
-7.966523479661577e-06
-6.519058098583653e-06
-6.8292414516468e-06
-8.661928987215654e-06
-1.080422768458541e-05
-1.165752189033677e-05
-1.005965265182199e-05
-5.902172339181687e-06
-2.174454687253327e-07
5.303607101674913e-06
9.099959915357024e-06
1.041938074129826e-05
9.548323514078407e-06
7.508636248601545e-06
5.424144611862803e-06
3.921003081204779e-06
2.879240421717834e-06
1.637210254072955e-06
-5.048749184885798e-07
-3.788268463414315e-06
-7.784354839254148e-06
-1.156900623258989e-05
-1.416435718190152e-05
-1.499415111453035e-05
-1.411308241329477e-05
-1.211242633237943e-05
-9.783337470683483e-06
-7.734375651074113e-06
-6.156876973048535e-06
-4.828294089286124e-06
-3.310050786993639e-06
-1.209337087837901e-06
1.628136339716682e-06
5.061238660574957e-06
8.716680974515396e-06
1.210884696499404e-05
1.475769772255141e-05
1.628396318885311e-05
1.64920142007001e-05
1.544825146921674e-05
1.35311252573819e-05
1.140023255062548e-05
9.84143882360318e-06
9.502395363214743e-06
1.06106050203264e-05
1.281323628962056e-05
1.525184519808244e-05
1.688334738488792e-05
1.692690607721382e-05
1.522812452203772e-05
1.234625040464783e-05
9.294066854469885e-06
7.037694273324297e-06
6.001009852379455e-06
5.836030276495964e-06
5.596361290047902e-06
4.243246848798086e-06
1.231454582009071e-06
-3.133058570060717e-06
-7.763130342050152e-06
-1.126722505471853e-05
-1.259687500556568e-05
-1.153543620052384e-05
-8.780933425297502e-06
-5.589655709574284e-06
-3.176249478800667e-06
-2.185438976729685e-06
-2.497340479511126e-06
-3.436894289836065e-06
-4.238731942182009e-06
-4.494090937749881e-06
-4.340170284549547e-06
-4.315784431938547e-06
-4.999374177594866e-06
-6.655294109257936e-06
-9.08581068522653e-06
-1.17479011438389e-05
-1.403624698014053e-05
-1.555110652491858e-05
-1.620344482714622e-05
-1.612747977455947e-05
-1.549232745241325e-05
-1.435457163783329e-05
-1.26483991930921e-05
-1.030715998396979e-05
-7.420307403042866e-06
-4.308829187321365e-06
-1.458249191071193e-06
6.601234745562173e-07
1.781550502559765e-06
1.951444333570013e-06
1.49306301642816e-06
8.676695653260133e-07
5.049492240873988e-07
6.811004180356246e-07
1.481380403139182e-06
2.834160073731463e-06
4.574258759625939e-06
6.494798603645106e-06
8.36881098009774e-06
9.945945271701383e-06
1.094349540921813e-05
1.105341521969635e-05
9.982578920319474e-06
7.534078918914691e-06
3.720021060445614e-06
-1.129496289306295e-06
-6.320556188401101e-06
-1.087392469354048e-05
-1.375144366157388e-05
-1.4181063098795e-05
-1.195679569359283e-05
-7.562903581124731e-06
-2.025871909158114e-06
3.477593140509815e-06
8.093053212613019e-06
1.161202567404908e-05
1.447267646998787e-05
1.742383812277406e-05
2.102215390496929e-05
2.523272217658473e-05
2.935573084545226e-05
3.2324437777129e-05
3.321185948131115e-05
3.166636380349595e-05
2.804111268213141e-05
2.316367954960122e-05
1.790136685849758e-05
1.278807089366117e-05
7.9239486789898e-06
3.176184944742469e-06
-1.48523325059971e-06
-5.764751714109323e-06
-9.096902841902097e-06
-1.095231956166818e-05
-1.118790293592179e-05
-1.019060000807656e-05
-8.687868403835796e-06
-7.315195791287829e-06
-6.203958012299536e-06
-4.866032099096499e-06
-2.48646018932389e-06
1.514237221421789e-06
6.969428963717e-06
1.282765694235318e-05
1.751094987867176e-05
1.961298331956946e-05
1.857345374913174e-05
1.495819867031383e-05
1.017820525516369e-05
5.784258928551462e-06
2.7079766371483e-06
8.521559359042715e-07
-7.557379935629749e-07
-3.339194993568994e-06
-7.623426666462713e-06
-1.336957094948672e-05
-1.943925401892594e-05
-2.434302943750038e-05
-2.696379241989151e-05
-2.705826278789519e-05
-2.527124358133359e-05
-2.267231024928172e-05
-2.008911243542446e-05
-1.762010446332799e-05
-1.460479846697324e-05
-1.007211433120893e-05
-3.420414215740714e-06
5.04746049155731e-06
1.403532974136969e-05
2.167504001012459e-05
2.625401588892734e-05
2.688982262916022e-05
2.382897126414481e-05
1.824816655246694e-05
1.168807724367565e-05
5.417808427214084e-06
3.099896404764725e-08
-4.575570432010009e-06
-8.899344331210904e-06
-1.341555222937431e-05
-1.827724135308944e-05
-2.325672794129342e-05
-2.789812155156009e-05
-3.174010023392034e-05
-3.445983580327808e-05
-3.587301355212658e-05
-3.583675220044729e-05
-3.416716759774143e-05
-3.066332310416896e-05
-2.524390386594526e-05
-1.811286862327314e-05
-9.836480741011573e-06
-1.258865898439976e-06
6.722170129556884e-06
1.341274196793277e-05
1.848542781674017e-05
2.197137567799937e-05
2.410170074317043e-05
2.509777782703297e-05
2.502896810715387e-05
2.380693394726534e-05
2.130122498661112e-05
1.749292131358359e-05
1.257003551103219e-05
6.913046069413703e-06
9.896593823912996e-07
-4.770277615435958e-06
-1.004602554289369e-05
-1.46138124859254e-05
-1.828144642108653e-05
-2.083531643023606e-05
-2.205383326430037e-05
-2.17908096607461e-05
-2.007647980516006e-05
-1.716074794052608e-05
-1.345074525444695e-05
-9.358570165706375e-06
-5.136394891911323e-06
-7.950022526477918e-07
3.837588275310078e-06
8.938786353512431e-06
1.448837506939648e-05
2.015391457820349e-05
2.533404589847714e-05
2.934247854589207e-05
3.163744546215269e-05
3.197889659797297e-05
3.044239960551276e-05
2.730558496901816e-05
2.289543548863508e-05
1.749706876725829e-05
1.137002813537447e-05
4.834063840774516e-06
-1.668745546049558e-06
-7.614733338911048e-06
-1.254489358543225e-05
-1.623152876075129e-05
-1.874477517342954e-05
-2.03475757828097e-05
-2.125690389344319e-05
-2.140932551663618e-05
-2.038995712280687e-05
-1.760171169891568e-05
-1.260921802691013e-05
-5.475238456994784e-06
3.107054308628595e-06
1.197911416409518e-05
1.990891406811038e-05
2.601281109121632e-05
2.999747375396512e-05
3.211888383282223e-05
3.291493843357983e-05
3.288236768474488e-05
3.227195424150452e-05
3.107613458812926e-05
2.915330156365917e-05
2.636137698671484e-05
2.260230355918157e-05
1.77790668875251e-05
1.175776758091574e-05
4.436721639985602e-06
-4.059909545311364e-06
-1.316665034818612e-05
-2.180803625402885e-05
-2.859803373821743e-05
-3.22837663731316e-05
-3.225128298884956e-05
-2.884013673284259e-05
-2.328262118995342e-05
-1.726184077552207e-05
-1.227368906218423e-05
-9.076784655189443e-06
-7.470369064158166e-06
-6.481861891541085e-06
-4.859881448565658e-06
-1.64677115698502e-06
3.405216403660822e-06
9.72107196376055e-06
1.610772191953052e-05
2.117372273716365e-05
2.37978930795555e-05
2.347890446768873e-05
2.044796017704616e-05
1.551273444856075e-05
9.701487052022061e-06
3.860473290120538e-06
-1.613415551202266e-06
-6.777590400392561e-06
-1.188881920471957e-05
-1.703841193910768e-05
-2.190751651597599e-05
-2.582159239054799e-05
-2.810962418589837e-05
-2.856918397390873e-05
-2.773315541761629e-05
-2.671468959711592e-05
-2.665019840376776e-05
-2.802927961341753e-05
-3.032056875526783e-05
-3.217286701383792e-05
-3.214253194136265e-05
-2.955942407098377e-05
-2.501224800552653e-05
-2.011696645564576e-05
-1.664443534975304e-05
-1.548585816516749e-05
-1.607339429387563e-05
-1.664166804584408e-05
-1.523246146690892e-05
-1.089208599592044e-05
-4.36686593349452e-06
2.133167489764682e-06
6.005248892922197e-06
5.582041520301484e-06
9.907540225174636e-07
-5.913507893858449e-06
-1.24730148213127e-05
-1.64781221696483e-05
-1.707012036778811e-05
-1.487195323519842e-05
-1.138894342241404e-05
-8.114964594519645e-06
-5.874787263065044e-06
-4.705340657625955e-06
-4.20310330592347e-06
-3.992805994323412e-06
-3.964910354227739e-06
-4.159825435660034e-06
-4.463881731903378e-06
-4.420324781014537e-06
-3.358973433957859e-06
-7.926481763227485e-07
3.193701422841375e-06
7.861747133285594e-06
1.215434465780677e-05
1.527182557930939e-05
1.713736617209351e-05
1.844811265128587e-05
2.025859434964073e-05
2.333333510852918e-05
2.765059706149276e-05
3.234846021609647e-05
3.613898141947974e-05
3.794460188940311e-05
3.739829975010347e-05
3.495303682892554e-05
3.158777718391254e-05
2.831994110461205e-05
2.58071993952563e-05
2.422018727377238e-05
2.337787118367561e-05
2.298913649338897e-05
2.282377882194564e-05
2.273465968175166e-05
2.258360094208733e-05
2.218941579237163e-05
2.13775744591001e-05
2.010753296321811e-05
1.857069959733494e-05
1.715510119725163e-05
1.626177120822554e-05
1.606864232013759e-05
1.638963214372158e-05
1.672978945848955e-05
1.652019018998416e-05
1.540514014711753e-05
1.342125650109276e-05
1.097317957681889e-05
8.630487339627294e-06
6.868617370311e-06
5.894901945428584e-06
5.634765261593895e-06
5.851155422562179e-06
6.298732912391469e-06
6.813818812617694e-06
7.303048475571626e-06
7.670527860548248e-06
7.762881622000491e-06
7.391239215702215e-06
6.427661016768763e-06
4.91501252179056e-06
3.11280609203545e-06
1.436218389692567e-06
3.074948401073742e-07
-1.077106305186728e-08
4.787188775291403e-07
1.509352124640111e-06
2.651059170274917e-06
3.458142999098068e-06
3.599915677702919e-06
2.928456244554914e-06
1.472974430979486e-06
-6.182591886221888e-07
-3.152717595340882e-06
-5.952981756910512e-06
-8.883298966860873e-06
-1.184300041646944e-05
-1.473934615339845e-05
-1.74585090153572e-05
-1.985236772750705e-05
-2.17511036552306e-05
-2.299925507833021e-05
-2.350028112595096e-05
-2.324810563040891e-05
-2.232856010367876e-05
-2.088883529363149e-05
-1.909173370282935e-05
-1.708243608662398e-05
-1.499009124707407e-05
-1.296529005858859e-05
-1.122836036749211e-05
-1.008850748783788e-05
-9.901715691925729e-06
-1.096511097911881e-05
-1.338271860342736e-05
-1.696162058610857e-05
-2.119347211442118e-05
-2.534403639839407e-05
-2.862826094413471e-05
-3.041284753785786e-05
-3.037893218202003e-05
-2.859625495098901e-05
-2.549433539415767e-05
-2.174752227016189e-05
-1.810750732081073e-05
-1.521967915670542e-05
-1.345819127528775e-05
-1.28168097190975e-05
-1.289562966081759e-05
-1.301420332281107e-05
-1.244690659723581e-05
-1.071966478894545e-05
-7.853922168537562e-06
-4.431589492383735e-06
-1.409417314235809e-06
2.766653262708628e-07
1.572686802714375e-07
-1.492467686888265e-06
-3.708698866295766e-06
-5.241910624787252e-06
-5.137740132031296e-06
-3.213546675772345e-06
-1.793247908287461e-07
2.676902432507089e-06
4.091717429327045e-06
3.411433871587723e-06
8.590794067578998e-07
-2.645679919136137e-06
-5.997602808789569e-06
-8.453232189921222e-06
-9.911367661681182e-06
-1.078968666013718e-05
-1.160228374223394e-05
-1.251601688911518e-05
-1.316615795723594e-05
-1.284603151178637e-05
-1.095477695990362e-05
-7.432326529668433e-06
-2.921389671325868e-06
1.440674401674587e-06
4.486214091827727e-06
5.492085314182223e-06
4.436471209455756e-06
1.950140506300315e-06
-9.587839454768217e-07
-3.236504617282077e-06
-4.026758704516856e-06
-2.782045944871651e-06
7.068182353076947e-07
6.291326681789263e-06
1.343790488949607e-05
2.124527954622481e-05
2.857936945970825e-05
3.434146832750667e-05
3.778839867103154e-05
3.875910198851864e-05
3.768530877183228e-05
3.536904006719066e-05
3.263311208036027e-05
3.001458170259867e-05
2.763670664102743e-05
2.528872546457195e-05
2.263478300022552e-05
1.942756089826926e-05
1.563390203586068e-05
1.145117441597535e-05
7.247915579658442e-06
3.47008456407743e-06
5.303799622230636e-07
-1.316203137027289e-06
-2.08662012426126e-06
-2.111616782765351e-06
-1.935820167847174e-06
-2.065907887752553e-06
-2.663202639272324e-06
-3.358229684710559e-06
-3.343128088047163e-06
-1.755988311161776e-06
1.818110570375965e-06
7.015043436805268e-06
1.275158219462209e-05
1.767912590632739e-05
2.078392832803994e-05
2.17785277807594e-05
2.105195523613769e-05
1.923579745373182e-05
1.670912651448417e-05
1.341470352805796e-05
9.135697429837736e-06
4.02383394623284e-06
-1.070251276355309e-06
-4.837212347322964e-06
-6.307852625565758e-06
-5.742851784947147e-06
-4.94444995362246e-06
-6.569428273692584e-06
-1.262730337258716e-05
-2.29523109116845e-05
-3.463140500506885e-05
-4.295746208711573e-05
-4.363335234760194e-05
-3.515410502160487e-05
-2.004167714544676e-05
-4.111089353621856e-06
6.025606127884167e-06
