Calibration Areas
   7.3690e+01
   1.7202e+02
   3.8492e+00
   8.2837e+01
   6.0111e+01
   6.3346e+00
   1.1575e+02


Calibration Distances
   0.7979
   0.8658
   1.6492
   1.7144
   1.9834
   1.8504
   3.4255


Calibration TimeLengths
   0.2597
   0.6297
   0.1254
   0.2840
   0.2030
   0.0870
   0.3324



Session Areas
   2.6212e+02
   7.4110e+01
   1.0451e+02
   1.7580e+02
   2.2567e+02
   1.7232e+02
   4.4337e+01
   6.7015e+01
   5.6154e+02
   1.0785e+02
   4.2355e-01
   1.2332e+02
   1.9485e+01
   4.5901e-02
   1.4045e+02
   1.0033e+02
   2.0974e+01
   1.2533e+02
   6.5874e+01
   1.2067e+02
   1.4201e+02
   2.3987e+02
   1.7174e+02
   7.1638e+01
   1.0353e+02


Session Distances
   2.1347
   2.9225
   3.2101
   0.4823
   0.9469
   1.0547
   0.6948
   2.7656
   1.8964
   1.4311
   0.2342
   4.0743
   1.0939
   2.3107
   1.3251
   4.3405
   0.8594
   0.6865
   0.7461
   0.6078
   4.1552
   0.8661
   1.3844
   0.7508
   0.9049


Session TimeLengths
   0.6081
   0.4558
   0.2545
   0.4095
   0.4793
   0.3477
   0.5419
   0.4635
   1.2973
   0.2409
   0.0435
   0.3384
   0.1469
   0.0238
   0.4396
   0.2631
   0.1589
   0.3404
   0.1835
   0.3013
   0.3375
   0.5594
   0.5033
   0.1952
   0.2545


